100
0,1,3
0,2,10
0,3,9
0,4,1
0,5,1
0,6,4
0,7,6
0,8,9
0,9,4
0,10,5
0,11,7
0,12,3
0,13,5
0,14,10
0,15,1
0,16,8
0,17,0
0,18,0
0,19,5
0,20,8
0,21,9
0,22,2
0,23,5
0,24,10
0,25,1
0,26,0
0,27,6
0,28,6
0,29,9
0,30,6
0,31,5
0,32,8
0,33,0
0,34,7
0,35,4
0,36,7
0,37,2
0,38,10
0,39,3
0,40,7
0,41,3
0,42,9
0,43,5
0,44,3
0,45,0
0,46,10
0,47,6
0,48,9
0,49,5
0,50,2
0,51,10
0,52,7
0,53,0
0,54,9
0,55,3
0,56,6
0,57,5
0,58,2
0,59,5
0,60,7
0,61,9
0,62,2
0,63,2
0,64,10
0,65,10
0,66,3
0,67,0
0,68,2
0,69,7
0,70,0
0,71,8
0,72,0
0,73,1
0,74,7
0,75,10
0,76,9
0,77,5
0,78,9
0,79,8
0,80,8
0,81,3
0,82,1
0,83,10
0,84,4
0,85,5
0,86,8
0,87,4
0,88,5
0,89,7
0,90,3
0,91,8
0,92,7
0,93,6
0,94,9
0,95,3
0,96,10
0,97,1
0,98,3
0,99,7
1,2,6
1,3,2
1,4,8
1,5,8
1,6,2
1,7,4
1,8,6
1,9,1
1,10,5
1,11,10
1,12,10
1,13,2
1,14,0
1,15,8
1,16,4
1,17,0
1,18,7
1,19,6
1,20,2
1,21,7
1,22,0
1,23,10
1,24,8
1,25,2
1,26,4
1,27,6
1,28,0
1,29,8
1,30,4
1,31,5
1,32,3
1,33,7
1,34,7
1,35,8
1,36,9
1,37,1
1,38,4
1,39,10
1,40,2
1,41,0
1,42,6
1,43,10
1,44,8
1,45,7
1,46,0
1,47,9
1,48,10
1,49,8
1,50,8
1,51,0
1,52,8
1,53,3
1,54,4
1,55,1
1,56,4
1,57,9
1,58,7
1,59,8
1,60,7
1,61,2
1,62,6
1,63,6
1,64,8
1,65,9
1,66,9
1,67,10
1,68,8
1,69,8
1,70,2
1,71,1
1,72,5
1,73,0
1,74,5
1,75,7
1,76,5
1,77,0
1,78,9
1,79,1
1,80,8
1,81,1
1,82,5
1,83,3
1,84,1
1,85,0
1,86,4
1,87,4
1,88,6
1,89,5
1,90,1
1,91,8
1,92,10
1,93,3
1,94,9
1,95,3
1,96,2
1,97,7
1,98,7
1,99,4
2,3,3
2,4,10
2,5,2
2,6,8
2,7,2
2,8,7
2,9,9
2,10,7
2,11,7
2,12,6
2,13,4
2,14,4
2,15,3
2,16,4
2,17,7
2,18,9
2,19,9
2,20,1
2,21,0
2,22,4
2,23,10
2,24,3
2,25,1
2,26,8
2,27,9
2,28,8
2,29,8
2,30,5
2,31,10
2,32,9
2,33,10
2,34,9
2,35,9
2,36,3
2,37,5
2,38,10
2,39,9
2,40,6
2,41,3
2,42,2
2,43,5
2,44,2
2,45,9
2,46,5
2,47,0
2,48,7
2,49,7
2,50,3
2,51,10
2,52,9
2,53,5
2,54,10
2,55,2
2,56,9
2,57,5
2,58,0
2,59,0
2,60,9
2,61,6
2,62,6
2,63,9
2,64,8
2,65,7
2,66,9
2,67,5
2,68,10
2,69,7
2,70,4
2,71,2
2,72,4
2,73,3
2,74,9
2,75,6
2,76,7
2,77,4
2,78,10
2,79,9
2,80,5
2,81,8
2,82,9
2,83,7
2,84,0
2,85,2
2,86,10
2,87,10
2,88,9
2,89,1
2,90,0
2,91,1
2,92,4
2,93,6
2,94,8
2,95,5
2,96,0
2,97,1
2,98,2
2,99,7
3,4,8
3,5,10
3,6,6
3,7,4
3,8,10
3,9,8
3,10,9
3,11,3
3,12,3
3,13,2
3,14,4
3,15,6
3,16,8
3,17,3
3,18,2
3,19,9
3,20,9
3,21,4
3,22,5
3,23,4
3,24,7
3,25,7
3,26,8
3,27,7
3,28,3
3,29,4
3,30,0
3,31,10
3,32,1
3,33,3
3,34,2
3,35,5
3,36,8
3,37,3
3,38,0
3,39,10
3,40,8
3,41,6
3,42,7
3,43,0
3,44,4
3,45,1
3,46,0
3,47,6
3,48,9
3,49,8
3,50,5
3,51,1
3,52,7
3,53,2
3,54,5
3,55,6
3,56,9
3,57,6
3,58,2
3,59,3
3,60,4
3,61,9
3,62,3
3,63,5
3,64,9
3,65,2
3,66,6
3,67,3
3,68,0
3,69,2
3,70,3
3,71,9
3,72,10
3,73,6
3,74,3
3,75,8
3,76,0
3,77,9
3,78,3
3,79,7
3,80,10
3,81,1
3,82,4
3,83,8
3,84,8
3,85,2
3,86,5
3,87,5
3,88,5
3,89,4
3,90,10
3,91,4
3,92,9
3,93,5
3,94,7
3,95,3
3,96,7
3,97,3
3,98,2
3,99,3
4,5,2
4,6,2
4,7,5
4,8,4
4,9,6
4,10,6
4,11,4
4,12,10
4,13,9
4,14,9
4,15,10
4,16,0
4,17,2
4,18,9
4,19,5
4,20,2
4,21,8
4,22,3
4,23,4
4,24,9
4,25,0
4,26,8
4,27,4
4,28,6
4,29,3
4,30,10
4,31,1
4,32,1
4,33,9
4,34,5
4,35,4
4,36,4
4,37,7
4,38,9
4,39,4
4,40,9
4,41,3
4,42,3
4,43,9
4,44,2
4,45,4
4,46,4
4,47,7
4,48,6
4,49,10
4,50,2
4,51,0
4,52,0
4,53,0
4,54,2
4,55,0
4,56,2
4,57,3
4,58,10
4,59,5
4,60,1
4,61,4
4,62,5
4,63,9
4,64,5
4,65,7
4,66,9
4,67,7
4,68,2
4,69,8
4,70,0
4,71,10
4,72,1
4,73,7
4,74,4
4,75,9
4,76,4
4,77,5
4,78,8
4,79,9
4,80,1
4,81,8
4,82,4
4,83,2
4,84,7
4,85,5
4,86,0
4,87,10
4,88,3
4,89,1
4,90,9
4,91,6
4,92,0
4,93,8
4,94,6
4,95,9
4,96,5
4,97,3
4,98,2
4,99,6
5,6,5
5,7,9
5,8,2
5,9,4
5,10,5
5,11,3
5,12,9
5,13,0
5,14,1
5,15,5
5,16,7
5,17,8
5,18,3
5,19,9
5,20,7
5,21,10
5,22,9
5,23,4
5,24,0
5,25,10
5,26,4
5,27,5
5,28,5
5,29,10
5,30,4
5,31,0
5,32,0
5,33,6
5,34,10
5,35,6
5,36,0
5,37,0
5,38,6
5,39,3
5,40,3
5,41,8
5,42,5
5,43,5
5,44,7
5,45,8
5,46,7
5,47,9
5,48,9
5,49,10
5,50,2
5,51,2
5,52,6
5,53,7
5,54,8
5,55,9
5,56,6
5,57,3
5,58,0
5,59,4
5,60,0
5,61,8
5,62,1
5,63,10
5,64,2
5,65,8
5,66,2
5,67,10
5,68,2
5,69,10
5,70,7
5,71,10
5,72,0
5,73,9
5,74,0
5,75,10
5,76,10
5,77,5
5,78,8
5,79,3
5,80,1
5,81,7
5,82,2
5,83,3
5,84,0
5,85,8
5,86,6
5,87,3
5,88,6
5,89,1
5,90,0
5,91,6
5,92,0
5,93,9
5,94,3
5,95,2
5,96,1
5,97,6
5,98,2
5,99,10
6,7,4
6,8,1
6,9,9
6,10,8
6,11,6
6,12,8
6,13,8
6,14,10
6,15,2
6,16,3
6,17,4
6,18,9
6,19,10
6,20,10
6,21,7
6,22,5
6,23,7
6,24,0
6,25,1
6,26,2
6,27,2
6,28,8
6,29,9
6,30,10
6,31,6
6,32,7
6,33,9
6,34,7
6,35,10
6,36,7
6,37,7
6,38,9
6,39,10
6,40,5
6,41,9
6,42,0
6,43,8
6,44,7
6,45,1
6,46,9
6,47,8
6,48,5
6,49,3
6,50,4
6,51,8
6,52,4
6,53,5
6,54,0
6,55,8
6,56,10
6,57,7
6,58,8
6,59,0
6,60,5
6,61,3
6,62,3
6,63,2
6,64,7
6,65,2
6,66,6
6,67,8
6,68,3
6,69,10
6,70,10
6,71,2
6,72,1
6,73,9
6,74,5
6,75,5
6,76,1
6,77,3
6,78,5
6,79,9
6,80,2
6,81,1
6,82,3
6,83,0
6,84,8
6,85,4
6,86,3
6,87,7
6,88,0
6,89,6
6,90,9
6,91,3
6,92,5
6,93,2
6,94,9
6,95,9
6,96,3
6,97,7
6,98,9
6,99,8
7,8,5
7,9,0
7,10,7
7,11,8
7,12,6
7,13,1
7,14,1
7,15,1
7,16,2
7,17,5
7,18,3
7,19,10
7,20,9
7,21,6
7,22,3
7,23,8
7,24,5
7,25,1
7,26,0
7,27,0
7,28,0
7,29,10
7,30,1
7,31,8
7,32,10
7,33,10
7,34,6
7,35,7
7,36,8
7,37,9
7,38,6
7,39,7
7,40,2
7,41,9
7,42,5
7,43,8
7,44,10
7,45,8
7,46,8
7,47,1
7,48,8
7,49,3
7,50,2
7,51,3
7,52,1
7,53,8
7,54,3
7,55,10
7,56,10
7,57,5
7,58,6
7,59,4
7,60,7
7,61,3
7,62,5
7,63,10
7,64,8
7,65,0
7,66,9
7,67,2
7,68,9
7,69,10
7,70,10
7,71,4
7,72,1
7,73,4
7,74,5
7,75,8
7,76,5
7,77,5
7,78,3
7,79,7
7,80,2
7,81,4
7,82,3
7,83,8
7,84,6
7,85,9
7,86,4
7,87,8
7,88,2
7,89,5
7,90,2
7,91,1
7,92,4
7,93,1
7,94,2
7,95,9
7,96,8
7,97,0
7,98,8
7,99,9
8,9,9
8,10,6
8,11,8
8,12,2
8,13,5
8,14,2
8,15,9
8,16,3
8,17,2
8,18,2
8,19,6
8,20,10
8,21,4
8,22,1
8,23,1
8,24,10
8,25,3
8,26,6
8,27,2
8,28,8
8,29,5
8,30,2
8,31,2
8,32,0
8,33,5
8,34,6
8,35,5
8,36,8
8,37,6
8,38,4
8,39,10
8,40,1
8,41,1
8,42,6
8,43,8
8,44,5
8,45,7
8,46,5
8,47,6
8,48,1
8,49,10
8,50,10
8,51,1
8,52,1
8,53,4
8,54,6
8,55,7
8,56,3
8,57,10
8,58,0
8,59,9
8,60,5
8,61,9
8,62,0
8,63,0
8,64,2
8,65,0
8,66,5
8,67,6
8,68,5
8,69,3
8,70,8
8,71,0
8,72,5
8,73,7
8,74,0
8,75,3
8,76,1
8,77,6
8,78,7
8,79,0
8,80,3
8,81,4
8,82,3
8,83,5
8,84,2
8,85,0
8,86,9
8,87,7
8,88,10
8,89,3
8,90,9
8,91,5
8,92,8
8,93,5
8,94,6
8,95,5
8,96,7
8,97,8
8,98,0
8,99,0
9,10,1
9,11,4
9,12,4
9,13,6
9,14,3
9,15,6
9,16,0
9,17,7
9,18,1
9,19,3
9,20,10
9,21,4
9,22,5
9,23,7
9,24,3
9,25,5
9,26,6
9,27,7
9,28,1
9,29,8
9,30,4
9,31,1
9,32,9
9,33,8
9,34,4
9,35,10
9,36,4
9,37,4
9,38,10
9,39,3
9,40,1
9,41,6
9,42,5
9,43,3
9,44,10
9,45,0
9,46,7
9,47,0
9,48,4
9,49,7
9,50,4
9,51,1
9,52,8
9,53,9
9,54,5
9,55,10
9,56,8
9,57,0
9,58,1
9,59,8
9,60,8
9,61,2
9,62,6
9,63,7
9,64,8
9,65,7
9,66,3
9,67,10
9,68,6
9,69,5
9,70,2
9,71,1
9,72,4
9,73,3
9,74,5
9,75,3
9,76,7
9,77,6
9,78,10
9,79,5
9,80,7
9,81,6
9,82,7
9,83,2
9,84,9
9,85,6
9,86,4
9,87,9
9,88,3
9,89,1
9,90,2
9,91,10
9,92,9
9,93,9
9,94,0
9,95,10
9,96,8
9,97,3
9,98,3
9,99,6
10,11,4
10,12,7
10,13,10
10,14,10
10,15,10
10,16,2
10,17,5
10,18,6
10,19,1
10,20,9
10,21,5
10,22,4
10,23,9
10,24,7
10,25,4
10,26,1
10,27,3
10,28,6
10,29,3
10,30,1
10,31,4
10,32,3
10,33,4
10,34,10
10,35,9
10,36,5
10,37,8
10,38,1
10,39,3
10,40,8
10,41,8
10,42,6
10,43,2
10,44,7
10,45,0
10,46,6
10,47,9
10,48,8
10,49,4
10,50,0
10,51,4
10,52,0
10,53,7
10,54,10
10,55,0
10,56,6
10,57,8
10,58,8
10,59,8
10,60,2
10,61,0
10,62,10
10,63,7
10,64,4
10,65,8
10,66,3
10,67,4
10,68,7
10,69,7
10,70,10
10,71,0
10,72,9
10,73,1
10,74,0
10,75,4
10,76,8
10,77,0
10,78,0
10,79,6
10,80,10
10,81,10
10,82,9
10,83,10
10,84,0
10,85,1
10,86,3
10,87,8
10,88,4
10,89,5
10,90,7
10,91,5
10,92,2
10,93,8
10,94,10
10,95,5
10,96,4
10,97,6
10,98,10
10,99,5
11,12,3
11,13,3
11,14,4
11,15,5
11,16,2
11,17,10
11,18,3
11,19,8
11,20,2
11,21,10
11,22,9
11,23,6
11,24,10
11,25,10
11,26,7
11,27,9
11,28,7
11,29,8
11,30,5
11,31,5
11,32,2
11,33,7
11,34,0
11,35,10
11,36,1
11,37,5
11,38,3
11,39,0
11,40,3
11,41,10
11,42,7
11,43,0
11,44,8
11,45,1
11,46,5
11,47,10
11,48,7
11,49,7
11,50,1
11,51,6
11,52,10
11,53,6
11,54,3
11,55,10
11,56,9
11,57,9
11,58,5
11,59,4
11,60,2
11,61,5
11,62,2
11,63,4
11,64,8
11,65,7
11,66,10
11,67,3
11,68,0
11,69,9
11,70,10
11,71,5
11,72,8
11,73,2
11,74,10
11,75,8
11,76,9
11,77,6
11,78,8
11,79,5
11,80,5
11,81,1
11,82,6
11,83,8
11,84,7
11,85,0
11,86,2
11,87,8
11,88,8
11,89,0
11,90,2
11,91,0
11,92,6
11,93,6
11,94,5
11,95,10
11,96,3
11,97,4
11,98,5
11,99,1
12,13,0
12,14,8
12,15,7
12,16,1
12,17,9
12,18,7
12,19,2
12,20,10
12,21,0
12,22,0
12,23,2
12,24,7
12,25,4
12,26,5
12,27,5
12,28,10
12,29,9
12,30,9
12,31,1
12,32,10
12,33,7
12,34,1
12,35,6
12,36,0
12,37,7
12,38,6
12,39,2
12,40,8
12,41,5
12,42,9
12,43,10
12,44,5
12,45,7
12,46,3
12,47,10
12,48,2
12,49,9
12,50,6
12,51,5
12,52,1
12,53,7
12,54,3
12,55,5
12,56,0
12,57,9
12,58,4
12,59,2
12,60,9
12,61,6
12,62,1
12,63,2
12,64,5
12,65,2
12,66,2
12,67,7
12,68,9
12,69,2
12,70,1
12,71,3
12,72,3
12,73,4
12,74,6
12,75,4
12,76,7
12,77,10
12,78,3
12,79,0
12,80,4
12,81,2
12,82,4
12,83,8
12,84,5
12,85,1
12,86,8
12,87,3
12,88,7
12,89,8
12,90,6
12,91,10
12,92,10
12,93,1
12,94,0
12,95,0
12,96,8
12,97,3
12,98,10
12,99,1
13,14,9
13,15,6
13,16,3
13,17,3
13,18,8
13,19,10
13,20,7
13,21,10
13,22,9
13,23,7
13,24,9
13,25,3
13,26,10
13,27,4
13,28,0
13,29,8
13,30,1
13,31,1
13,32,5
13,33,8
13,34,5
13,35,8
13,36,1
13,37,3
13,38,8
13,39,9
13,40,9
13,41,4
13,42,10
13,43,5
13,44,8
13,45,0
13,46,7
13,47,0
13,48,2
13,49,0
13,50,7
13,51,3
13,52,6
13,53,6
13,54,5
13,55,9
13,56,0
13,57,5
13,58,2
13,59,1
13,60,1
13,61,0
13,62,2
13,63,10
13,64,3
13,65,8
13,66,9
13,67,9
13,68,3
13,69,2
13,70,2
13,71,10
13,72,5
13,73,9
13,74,6
13,75,5
13,76,4
13,77,3
13,78,7
13,79,3
13,80,0
13,81,7
13,82,10
13,83,8
13,84,2
13,85,3
13,86,2
13,87,2
13,88,1
13,89,8
13,90,0
13,91,0
13,92,10
13,93,10
13,94,8
13,95,10
13,96,0
13,97,8
13,98,0
13,99,1
14,15,2
14,16,3
14,17,10
14,18,10
14,19,10
14,20,3
14,21,7
14,22,9
14,23,7
14,24,1
14,25,3
14,26,10
14,27,2
14,28,6
14,29,1
14,30,7
14,31,1
14,32,3
14,33,3
14,34,10
14,35,0
14,36,0
14,37,3
14,38,0
14,39,8
14,40,6
14,41,7
14,42,2
14,43,0
14,44,4
14,45,10
14,46,6
14,47,9
14,48,2
14,49,9
14,50,4
14,51,10
14,52,8
14,53,10
14,54,5
14,55,1
14,56,4
14,57,4
14,58,0
14,59,4
14,60,6
14,61,3
14,62,5
14,63,5
14,64,6
14,65,8
14,66,4
14,67,0
14,68,5
14,69,9
14,70,5
14,71,9
14,72,4
14,73,7
14,74,6
14,75,3
14,76,9
14,77,8
14,78,1
14,79,8
14,80,3
14,81,9
14,82,4
14,83,8
14,84,8
14,85,0
14,86,5
14,87,7
14,88,6
14,89,6
14,90,3
14,91,4
14,92,7
14,93,7
14,94,9
14,95,10
14,96,4
14,97,9
14,98,5
14,99,0
15,16,10
15,17,3
15,18,2
15,19,2
15,20,9
15,21,7
15,22,8
15,23,9
15,24,0
15,25,5
15,26,5
15,27,3
15,28,10
15,29,2
15,30,8
15,31,9
15,32,1
15,33,4
15,34,1
15,35,1
15,36,6
15,37,5
15,38,5
15,39,3
15,40,10
15,41,4
15,42,10
15,43,1
15,44,2
15,45,2
15,46,8
15,47,2
15,48,0
15,49,1
15,50,10
15,51,5
15,52,1
15,53,6
15,54,0
15,55,7
15,56,8
15,57,8
15,58,4
15,59,6
15,60,0
15,61,0
15,62,10
15,63,3
15,64,5
15,65,8
15,66,5
15,67,4
15,68,5
15,69,0
15,70,7
15,71,1
15,72,9
15,73,3
15,74,10
15,75,0
15,76,10
15,77,3
15,78,2
15,79,2
15,80,3
15,81,6
15,82,10
15,83,9
15,84,9
15,85,8
15,86,9
15,87,2
15,88,4
15,89,7
15,90,9
15,91,7
15,92,1
15,93,3
15,94,2
15,95,3
15,96,7
15,97,8
15,98,4
15,99,4
16,17,0
16,18,0
16,19,3
16,20,3
16,21,9
16,22,3
16,23,3
16,24,5
16,25,0
16,26,0
16,27,7
16,28,5
16,29,3
16,30,4
16,31,8
16,32,8
16,33,2
16,34,3
16,35,9
16,36,4
16,37,9
16,38,6
16,39,9
16,40,7
16,41,1
16,42,6
16,43,10
16,44,10
16,45,8
16,46,2
16,47,8
16,48,7
16,49,5
16,50,1
16,51,1
16,52,0
16,53,7
16,54,5
16,55,0
16,56,2
16,57,6
16,58,4
16,59,10
16,60,6
16,61,9
16,62,6
16,63,2
16,64,4
16,65,8
16,66,3
16,67,8
16,68,7
16,69,1
16,70,6
16,71,10
16,72,0
16,73,6
16,74,10
16,75,5
16,76,1
16,77,5
16,78,8
16,79,8
16,80,1
16,81,6
16,82,9
16,83,3
16,84,6
16,85,10
16,86,0
16,87,5
16,88,1
16,89,4
16,90,10
16,91,0
16,92,6
16,93,1
16,94,8
16,95,5
16,96,1
16,97,8
16,98,7
16,99,10
17,18,8
17,19,9
17,20,5
17,21,7
17,22,7
17,23,5
17,24,9
17,25,2
17,26,2
17,27,7
17,28,6
17,29,5
17,30,3
17,31,2
17,32,5
17,33,4
17,34,0
17,35,3
17,36,10
17,37,0
17,38,9
17,39,5
17,40,7
17,41,2
17,42,0
17,43,6
17,44,8
17,45,10
17,46,3
17,47,8
17,48,6
17,49,9
17,50,3
17,51,10
17,52,0
17,53,5
17,54,3
17,55,4
17,56,9
17,57,0
17,58,6
17,59,2
17,60,1
17,61,0
17,62,9
17,63,9
17,64,5
17,65,8
17,66,9
17,67,0
17,68,9
17,69,10
17,70,0
17,71,10
17,72,7
17,73,7
17,74,5
17,75,3
17,76,1
17,77,0
17,78,8
17,79,4
17,80,2
17,81,6
17,82,1
17,83,1
17,84,1
17,85,1
17,86,0
17,87,2
17,88,2
17,89,6
17,90,4
17,91,0
17,92,5
17,93,5
17,94,5
17,95,2
17,96,2
17,97,4
17,98,7
17,99,3
18,19,6
18,20,7
18,21,10
18,22,6
18,23,1
18,24,5
18,25,7
18,26,2
18,27,8
18,28,0
18,29,7
18,30,7
18,31,5
18,32,1
18,33,0
18,34,10
18,35,1
18,36,9
18,37,0
18,38,2
18,39,8
18,40,8
18,41,6
18,42,5
18,43,2
18,44,9
18,45,8
18,46,2
18,47,7
18,48,10
18,49,3
18,50,3
18,51,2
18,52,1
18,53,10
18,54,8
18,55,6
18,56,6
18,57,6
18,58,7
18,59,9
18,60,7
18,61,6
18,62,6
18,63,5
18,64,1
18,65,5
18,66,1
18,67,4
18,68,2
18,69,4
18,70,5
18,71,10
18,72,7
18,73,7
18,74,9
18,75,4
18,76,0
18,77,4
18,78,0
18,79,4
18,80,1
18,81,6
18,82,1
18,83,5
18,84,4
18,85,4
18,86,1
18,87,2
18,88,2
18,89,7
18,90,3
18,91,9
18,92,4
18,93,6
18,94,8
18,95,9
18,96,9
18,97,8
18,98,0
18,99,3
19,20,4
19,21,8
19,22,2
19,23,7
19,24,4
19,25,5
19,26,9
19,27,2
19,28,10
19,29,3
19,30,10
19,31,7
19,32,3
19,33,9
19,34,5
19,35,9
19,36,4
19,37,9
19,38,7
19,39,2
19,40,10
19,41,10
19,42,7
19,43,9
19,44,7
19,45,6
19,46,7
19,47,4
19,48,7
19,49,4
19,50,8
19,51,8
19,52,10
19,53,3
19,54,10
19,55,3
19,56,9
19,57,7
19,58,2
19,59,2
19,60,1
19,61,0
19,62,3
19,63,1
19,64,5
19,65,2
19,66,3
19,67,10
19,68,8
19,69,3
19,70,7
19,71,10
19,72,0
19,73,7
19,74,6
19,75,6
19,76,3
19,77,9
19,78,0
19,79,8
19,80,6
19,81,8
19,82,5
19,83,0
19,84,7
19,85,10
19,86,10
19,87,7
19,88,8
19,89,6
19,90,9
19,91,9
19,92,10
19,93,0
19,94,8
19,95,4
19,96,7
19,97,9
19,98,7
19,99,9
20,21,5
20,22,1
20,23,3
20,24,7
20,25,5
20,26,5
20,27,2
20,28,2
20,29,10
20,30,8
20,31,7
20,32,3
20,33,3
20,34,5
20,35,4
20,36,6
20,37,0
20,38,5
20,39,3
20,40,5
20,41,0
20,42,3
20,43,5
20,44,5
20,45,2
20,46,9
20,47,6
20,48,7
20,49,1
20,50,4
20,51,4
20,52,8
20,53,8
20,54,0
20,55,0
20,56,10
20,57,5
20,58,10
20,59,10
20,60,3
20,61,3
20,62,2
20,63,0
20,64,0
20,65,9
20,66,7
20,67,3
20,68,9
20,69,6
20,70,10
20,71,9
20,72,9
20,73,6
20,74,10
20,75,9
20,76,2
20,77,6
20,78,4
20,79,0
20,80,9
20,81,10
20,82,4
20,83,4
20,84,5
20,85,10
20,86,10
20,87,5
20,88,9
20,89,4
20,90,7
20,91,5
20,92,8
20,93,1
20,94,8
20,95,2
20,96,4
20,97,9
20,98,4
20,99,2
21,22,2
21,23,6
21,24,2
21,25,6
21,26,3
21,27,5
21,28,9
21,29,7
21,30,7
21,31,10
21,32,1
21,33,9
21,34,2
21,35,7
21,36,7
21,37,0
21,38,8
21,39,10
21,40,8
21,41,6
21,42,7
21,43,4
21,44,8
21,45,4
21,46,4
21,47,3
21,48,9
21,49,2
21,50,5
21,51,1
21,52,1
21,53,3
21,54,5
21,55,8
21,56,7
21,57,8
21,58,9
21,59,10
21,60,9
21,61,0
21,62,6
21,63,7
21,64,5
21,65,4
21,66,5
21,67,4
21,68,3
21,69,1
21,70,6
21,71,1
21,72,2
21,73,7
21,74,3
21,75,5
21,76,9
21,77,6
21,78,4
21,79,7
21,80,0
21,81,6
21,82,6
21,83,4
21,84,3
21,85,10
21,86,4
21,87,7
21,88,1
21,89,2
21,90,8
21,91,4
21,92,5
21,93,5
21,94,8
21,95,2
21,96,8
21,97,9
21,98,6
21,99,8
22,23,7
22,24,6
22,25,10
22,26,3
22,27,6
22,28,2
22,29,6
22,30,4
22,31,6
22,32,2
22,33,3
22,34,6
22,35,10
22,36,5
22,37,2
22,38,8
22,39,2
22,40,3
22,41,2
22,42,9
22,43,9
22,44,3
22,45,9
22,46,10
22,47,7
22,48,10
22,49,7
22,50,4
22,51,1
22,52,10
22,53,2
22,54,8
22,55,3
22,56,10
22,57,7
22,58,7
22,59,3
22,60,1
22,61,7
22,62,2
22,63,2
22,64,10
22,65,2
22,66,3
22,67,10
22,68,8
22,69,9
22,70,5
22,71,0
22,72,5
22,73,8
22,74,7
22,75,4
22,76,8
22,77,4
22,78,8
22,79,8
22,80,4
22,81,8
22,82,10
22,83,8
22,84,4
22,85,4
22,86,10
22,87,5
22,88,10
22,89,9
22,90,0
22,91,2
22,92,9
22,93,10
22,94,10
22,95,6
22,96,0
22,97,6
22,98,8
22,99,3
23,24,10
23,25,9
23,26,4
23,27,8
23,28,5
23,29,0
23,30,8
23,31,1
23,32,4
23,33,10
23,34,2
23,35,9
23,36,10
23,37,10
23,38,5
23,39,7
23,40,3
23,41,9
23,42,7
23,43,2
23,44,4
23,45,10
23,46,8
23,47,7
23,48,4
23,49,9
23,50,9
23,51,4
23,52,8
23,53,7
23,54,7
23,55,6
23,56,6
23,57,1
23,58,0
23,59,4
23,60,4
23,61,7
23,62,1
23,63,3
23,64,0
23,65,10
23,66,9
23,67,3
23,68,8
23,69,6
23,70,10
23,71,9
23,72,2
23,73,5
23,74,6
23,75,1
23,76,7
23,77,8
23,78,5
23,79,0
23,80,4
23,81,7
23,82,0
23,83,0
23,84,2
23,85,7
23,86,3
23,87,7
23,88,9
23,89,6
23,90,5
23,91,10
23,92,5
23,93,1
23,94,10
23,95,5
23,96,4
23,97,7
23,98,7
23,99,8
24,25,0
24,26,0
24,27,6
24,28,6
24,29,4
24,30,6
24,31,0
24,32,7
24,33,8
24,34,6
24,35,8
24,36,7
24,37,9
24,38,9
24,39,7
24,40,5
24,41,3
24,42,6
24,43,10
24,44,0
24,45,7
24,46,1
24,47,3
24,48,0
24,49,1
24,50,8
24,51,5
24,52,3
24,53,0
24,54,0
24,55,2
24,56,9
24,57,8
24,58,2
24,59,3
24,60,7
24,61,5
24,62,7
24,63,1
24,64,10
24,65,5
24,66,1
24,67,6
24,68,1
24,69,5
24,70,9
24,71,7
24,72,7
24,73,9
24,74,7
24,75,3
24,76,0
24,77,3
24,78,9
24,79,6
24,80,3
24,81,9
24,82,8
24,83,5
24,84,8
24,85,7
24,86,3
24,87,0
24,88,4
24,89,9
24,90,1
24,91,4
24,92,6
24,93,7
24,94,1
24,95,1
24,96,1
24,97,2
24,98,0
24,99,9
25,26,10
25,27,7
25,28,8
25,29,9
25,30,3
25,31,3
25,32,10
25,33,2
25,34,4
25,35,4
25,36,8
25,37,6
25,38,6
25,39,6
25,40,5
25,41,4
25,42,4
25,43,10
25,44,0
25,45,3
25,46,9
25,47,8
25,48,10
25,49,1
25,50,5
25,51,1
25,52,2
25,53,3
25,54,4
25,55,1
25,56,7
25,57,4
25,58,8
25,59,8
25,60,1
25,61,5
25,62,3
25,63,2
25,64,0
25,65,9
25,66,2
25,67,7
25,68,10
25,69,6
25,70,5
25,71,1
25,72,5
25,73,5
25,74,2
25,75,6
25,76,8
25,77,3
25,78,0
25,79,5
25,80,7
25,81,9
25,82,7
25,83,4
25,84,5
25,85,1
25,86,0
25,87,1
25,88,6
25,89,6
25,90,2
25,91,10
25,92,5
25,93,2
25,94,7
25,95,8
25,96,4
25,97,9
25,98,1
25,99,7
26,27,10
26,28,9
26,29,1
26,30,0
26,31,6
26,32,4
26,33,8
26,34,10
26,35,9
26,36,4
26,37,4
26,38,5
26,39,3
26,40,3
26,41,9
26,42,7
26,43,2
26,44,7
26,45,8
26,46,9
26,47,9
26,48,8
26,49,6
26,50,5
26,51,4
26,52,1
26,53,8
26,54,10
26,55,8
26,56,7
26,57,4
26,58,10
26,59,5
26,60,9
26,61,4
26,62,5
26,63,10
26,64,10
26,65,7
26,66,3
26,67,5
26,68,5
26,69,10
26,70,9
26,71,9
26,72,8
26,73,2
26,74,9
26,75,6
26,76,9
26,77,6
26,78,4
26,79,5
26,80,2
26,81,4
26,82,8
26,83,10
26,84,6
26,85,7
26,86,0
26,87,5
26,88,5
26,89,7
26,90,4
26,91,1
26,92,6
26,93,9
26,94,2
26,95,8
26,96,8
26,97,10
26,98,10
26,99,1
27,28,5
27,29,4
27,30,9
27,31,1
27,32,8
27,33,5
27,34,3
27,35,2
27,36,6
27,37,6
27,38,5
27,39,5
27,40,4
27,41,8
27,42,3
27,43,10
27,44,1
27,45,3
27,46,4
27,47,7
27,48,7
27,49,4
27,50,6
27,51,8
27,52,0
27,53,9
27,54,4
27,55,2
27,56,2
27,57,0
27,58,9
27,59,0
27,60,7
27,61,7
27,62,6
27,63,4
27,64,8
27,65,1
27,66,7
27,67,0
27,68,3
27,69,5
27,70,6
27,71,4
27,72,3
27,73,2
27,74,0
27,75,3
27,76,4
27,77,1
27,78,0
27,79,9
27,80,8
27,81,3
27,82,6
27,83,10
27,84,10
27,85,0
27,86,6
27,87,4
27,88,8
27,89,4
27,90,6
27,91,9
27,92,7
27,93,7
27,94,1
27,95,4
27,96,8
27,97,9
27,98,1
27,99,9
28,29,1
28,30,4
28,31,4
28,32,6
28,33,10
28,34,9
28,35,5
28,36,7
28,37,4
28,38,3
28,39,3
28,40,9
28,41,8
28,42,10
28,43,6
28,44,3
28,45,4
28,46,8
28,47,7
28,48,0
28,49,0
28,50,7
28,51,10
28,52,2
28,53,0
28,54,9
28,55,1
28,56,2
28,57,9
28,58,3
28,59,3
28,60,10
28,61,0
28,62,1
28,63,1
28,64,1
28,65,6
28,66,5
28,67,2
28,68,5
28,69,6
28,70,6
28,71,2
28,72,10
28,73,0
28,74,0
28,75,5
28,76,3
28,77,8
28,78,8
28,79,0
28,80,3
28,81,3
28,82,8
28,83,5
28,84,5
28,85,5
28,86,8
28,87,7
28,88,5
28,89,6
28,90,1
28,91,7
28,92,0
28,93,5
28,94,8
28,95,1
28,96,1
28,97,4
28,98,10
28,99,10
29,30,1
29,31,3
29,32,7
29,33,7
29,34,1
29,35,2
29,36,6
29,37,1
29,38,3
29,39,9
29,40,10
29,41,4
29,42,8
29,43,1
29,44,10
29,45,5
29,46,2
29,47,3
29,48,3
29,49,0
29,50,1
29,51,4
29,52,1
29,53,3
29,54,2
29,55,7
29,56,10
29,57,9
29,58,1
29,59,4
29,60,5
29,61,6
29,62,10
29,63,2
29,64,4
29,65,6
29,66,2
29,67,1
29,68,3
29,69,4
29,70,4
29,71,4
29,72,10
29,73,5
29,74,7
29,75,10
29,76,0
29,77,6
29,78,1
29,79,2
29,80,6
29,81,8
29,82,2
29,83,2
29,84,8
29,85,10
29,86,2
29,87,9
29,88,6
29,89,8
29,90,1
29,91,4
29,92,2
29,93,5
29,94,1
29,95,0
29,96,4
29,97,10
29,98,10
29,99,0
30,31,10
30,32,6
30,33,5
30,34,1
30,35,5
30,36,5
30,37,10
30,38,0
30,39,6
30,40,8
30,41,1
30,42,1
30,43,7
30,44,0
30,45,5
30,46,7
30,47,0
30,48,1
30,49,2
30,50,7
30,51,7
30,52,3
30,53,8
30,54,10
30,55,8
30,56,6
30,57,10
30,58,4
30,59,3
30,60,2
30,61,5
30,62,4
30,63,7
30,64,4
30,65,1
30,66,7
30,67,3
30,68,2
30,69,3
30,70,1
30,71,6
30,72,1
30,73,2
30,74,2
30,75,6
30,76,4
30,77,5
30,78,7
30,79,0
30,80,7
30,81,10
30,82,4
30,83,7
30,84,3
30,85,0
30,86,8
30,87,7
30,88,2
30,89,1
30,90,10
30,91,0
30,92,7
30,93,2
30,94,3
30,95,6
30,96,0
30,97,2
30,98,10
30,99,0
31,32,2
31,33,0
31,34,10
31,35,2
31,36,10
31,37,8
31,38,0
31,39,4
31,40,3
31,41,6
31,42,10
31,43,3
31,44,5
31,45,1
31,46,10
31,47,6
31,48,9
31,49,9
31,50,2
31,51,8
31,52,9
31,53,0
31,54,1
31,55,0
31,56,7
31,57,5
31,58,4
31,59,6
31,60,2
31,61,1
31,62,6
31,63,3
31,64,0
31,65,6
31,66,8
31,67,10
31,68,7
31,69,5
31,70,2
31,71,6
31,72,0
31,73,2
31,74,7
31,75,8
31,76,7
31,77,4
31,78,3
31,79,9
31,80,1
31,81,5
31,82,7
31,83,6
31,84,10
31,85,2
31,86,6
31,87,10
31,88,5
31,89,8
31,90,5
31,91,1
31,92,3
31,93,2
31,94,8
31,95,4
31,96,0
31,97,3
31,98,5
31,99,0
32,33,10
32,34,4
32,35,3
32,36,6
32,37,3
32,38,10
32,39,3
32,40,5
32,41,5
32,42,8
32,43,3
32,44,0
32,45,1
32,46,6
32,47,5
32,48,2
32,49,5
32,50,9
32,51,8
32,52,5
32,53,0
32,54,9
32,55,3
32,56,8
32,57,2
32,58,7
32,59,7
32,60,3
32,61,3
32,62,10
32,63,10
32,64,1
32,65,10
32,66,6
32,67,0
32,68,3
32,69,2
32,70,7
32,71,9
32,72,9
32,73,9
32,74,2
32,75,3
32,76,0
32,77,5
32,78,9
32,79,5
32,80,7
32,81,5
32,82,4
32,83,7
32,84,10
32,85,10
32,86,5
32,87,9
32,88,4
32,89,7
32,90,5
32,91,3
32,92,9
32,93,8
32,94,2
32,95,3
32,96,0
32,97,5
32,98,8
32,99,5
33,34,7
33,35,3
33,36,9
33,37,2
33,38,8
33,39,8
33,40,6
33,41,1
33,42,1
33,43,6
33,44,5
33,45,6
33,46,5
33,47,3
33,48,10
33,49,0
33,50,0
33,51,9
33,52,4
33,53,1
33,54,0
33,55,10
33,56,7
33,57,8
33,58,7
33,59,0
33,60,5
33,61,5
33,62,6
33,63,0
33,64,3
33,65,9
33,66,10
33,67,2
33,68,2
33,69,4
33,70,5
33,71,2
33,72,3
33,73,6
33,74,1
33,75,7
33,76,4
33,77,1
33,78,9
33,79,9
33,80,7
33,81,10
33,82,0
33,83,0
33,84,0
33,85,1
33,86,3
33,87,3
33,88,5
33,89,8
33,90,8
33,91,8
33,92,3
33,93,5
33,94,2
33,95,8
33,96,6
33,97,1
33,98,2
33,99,3
34,35,9
34,36,8
34,37,0
34,38,10
34,39,6
34,40,0
34,41,3
34,42,3
34,43,3
34,44,0
34,45,8
34,46,8
34,47,2
34,48,9
34,49,1
34,50,2
34,51,5
34,52,1
34,53,2
34,54,3
34,55,4
34,56,6
34,57,4
34,58,1
34,59,5
34,60,2
34,61,10
34,62,6
34,63,2
34,64,10
34,65,3
34,66,10
34,67,4
34,68,7
34,69,7
34,70,4
34,71,6
34,72,6
34,73,7
34,74,10
34,75,10
34,76,1
34,77,4
34,78,5
34,79,5
34,80,2
34,81,5
34,82,9
34,83,6
34,84,7
34,85,2
34,86,10
34,87,2
34,88,4
34,89,8
34,90,9
34,91,3
34,92,1
34,93,9
34,94,9
34,95,3
34,96,5
34,97,5
34,98,7
34,99,3
35,36,8
35,37,10
35,38,10
35,39,6
35,40,1
35,41,10
35,42,3
35,43,4
35,44,7
35,45,0
35,46,3
35,47,5
35,48,4
35,49,9
35,50,9
35,51,10
35,52,1
35,53,7
35,54,3
35,55,0
35,56,8
35,57,2
35,58,0
35,59,4
35,60,10
35,61,5
35,62,10
35,63,3
35,64,5
35,65,4
35,66,1
35,67,4
35,68,6
35,69,6
35,70,7
35,71,2
35,72,4
35,73,9
35,74,5
35,75,7
35,76,5
35,77,7
35,78,7
35,79,0
35,80,10
35,81,2
35,82,6
35,83,4
35,84,7
35,85,7
35,86,9
35,87,1
35,88,10
35,89,5
35,90,9
35,91,1
35,92,3
35,93,4
35,94,6
35,95,5
35,96,0
35,97,9
35,98,1
35,99,4
36,37,5
36,38,5
36,39,7
36,40,10
36,41,6
36,42,6
36,43,1
36,44,7
36,45,8
36,46,7
36,47,3
36,48,9
36,49,2
36,50,9
36,51,10
36,52,5
36,53,8
36,54,3
36,55,6
36,56,1
36,57,0
36,58,6
36,59,7
36,60,3
36,61,5
36,62,1
36,63,6
36,64,2
36,65,5
36,66,1
36,67,3
36,68,2
36,69,5
36,70,8
36,71,8
36,72,1
36,73,9
36,74,4
36,75,4
36,76,3
36,77,2
36,78,6
36,79,10
36,80,10
36,81,5
36,82,10
36,83,10
36,84,0
36,85,10
36,86,3
36,87,1
36,88,7
36,89,3
36,90,8
36,91,10
36,92,7
36,93,7
36,94,0
36,95,2
36,96,10
36,97,3
36,98,8
36,99,7
37,38,4
37,39,7
37,40,5
37,41,4
37,42,4
37,43,10
37,44,5
37,45,1
37,46,10
37,47,4
37,48,4
37,49,5
37,50,0
37,51,3
37,52,6
37,53,7
37,54,6
37,55,1
37,56,2
37,57,7
37,58,0
37,59,0
37,60,7
37,61,5
37,62,3
37,63,10
37,64,3
37,65,6
37,66,5
37,67,9
37,68,8
37,69,2
37,70,4
37,71,9
37,72,0
37,73,7
37,74,5
37,75,6
37,76,6
37,77,8
37,78,3
37,79,4
37,80,8
37,81,2
37,82,0
37,83,6
37,84,5
37,85,9
37,86,5
37,87,10
37,88,0
37,89,10
37,90,1
37,91,7
37,92,1
37,93,5
37,94,7
37,95,5
37,96,8
37,97,3
37,98,2
37,99,4
38,39,10
38,40,2
38,41,10
38,42,8
38,43,9
38,44,7
38,45,7
38,46,5
38,47,8
38,48,5
38,49,1
38,50,9
38,51,6
38,52,3
38,53,1
38,54,10
38,55,8
38,56,2
38,57,0
38,58,10
38,59,6
38,60,6
38,61,3
38,62,4
38,63,6
38,64,7
38,65,3
38,66,8
38,67,1
38,68,10
38,69,3
38,70,3
38,71,2
38,72,8
38,73,3
38,74,9
38,75,7
38,76,1
38,77,4
38,78,2
38,79,6
38,80,1
38,81,7
38,82,0
38,83,5
38,84,3
38,85,8
38,86,4
38,87,1
38,88,2
38,89,3
38,90,9
38,91,7
38,92,2
38,93,1
38,94,4
38,95,7
38,96,6
38,97,3
38,98,10
38,99,10
39,40,5
39,41,6
39,42,5
39,43,7
39,44,9
39,45,1
39,46,1
39,47,6
39,48,1
39,49,7
39,50,6
39,51,9
39,52,10
39,53,7
39,54,7
39,55,3
39,56,4
39,57,3
39,58,10
39,59,3
39,60,7
39,61,6
39,62,9
39,63,9
39,64,0
39,65,2
39,66,7
39,67,1
39,68,10
39,69,5
39,70,4
39,71,0
39,72,10
39,73,5
39,74,5
39,75,6
39,76,4
39,77,4
39,78,6
39,79,3
39,80,4
39,81,0
39,82,10
39,83,3
39,84,0
39,85,6
39,86,0
39,87,6
39,88,3
39,89,2
39,90,4
39,91,6
39,92,4
39,93,0
39,94,2
39,95,6
39,96,0
39,97,3
39,98,1
39,99,10
40,41,5
40,42,10
40,43,6
40,44,4
40,45,9
40,46,8
40,47,6
40,48,10
40,49,0
40,50,0
40,51,2
40,52,6
40,53,1
40,54,6
40,55,5
40,56,6
40,57,8
40,58,9
40,59,4
40,60,5
40,61,10
40,62,8
40,63,9
40,64,2
40,65,1
40,66,4
40,67,9
40,68,0
40,69,1
40,70,2
40,71,7
40,72,7
40,73,4
40,74,5
40,75,8
40,76,7
40,77,7
40,78,3
40,79,4
40,80,2
40,81,8
40,82,10
40,83,2
40,84,9
40,85,5
40,86,8
40,87,2
40,88,4
40,89,5
40,90,5
40,91,4
40,92,9
40,93,0
40,94,5
40,95,3
40,96,10
40,97,6
40,98,2
40,99,4
41,42,2
41,43,4
41,44,1
41,45,0
41,46,5
41,47,2
41,48,8
41,49,6
41,50,4
41,51,2
41,52,9
41,53,3
41,54,2
41,55,3
41,56,10
41,57,3
41,58,9
41,59,0
41,60,3
41,61,9
41,62,8
41,63,1
41,64,1
41,65,4
41,66,6
41,67,8
41,68,0
41,69,3
41,70,3
41,71,6
41,72,4
41,73,4
41,74,8
41,75,9
41,76,9
41,77,3
41,78,1
41,79,8
41,80,10
41,81,2
41,82,5
41,83,3
41,84,1
41,85,4
41,86,2
41,87,7
41,88,10
41,89,7
41,90,3
41,91,6
41,92,5
41,93,9
41,94,5
41,95,2
41,96,4
41,97,10
41,98,4
41,99,2
42,43,7
42,44,4
42,45,8
42,46,2
42,47,1
42,48,6
42,49,6
42,50,5
42,51,8
42,52,6
42,53,5
42,54,10
42,55,2
42,56,8
42,57,3
42,58,2
42,59,2
42,60,8
42,61,0
42,62,9
42,63,3
42,64,10
42,65,4
42,66,10
42,67,2
42,68,9
42,69,0
42,70,3
42,71,6
42,72,6
42,73,7
42,74,4
42,75,8
42,76,1
42,77,0
42,78,7
42,79,6
42,80,8
42,81,3
42,82,1
42,83,7
42,84,7
42,85,9
42,86,8
42,87,6
42,88,1
42,89,2
42,90,1
42,91,5
42,92,9
42,93,4
42,94,2
42,95,1
42,96,4
42,97,2
42,98,0
42,99,10
43,44,5
43,45,0
43,46,8
43,47,2
43,48,3
43,49,2
43,50,1
43,51,9
43,52,2
43,53,7
43,54,2
43,55,9
43,56,8
43,57,2
43,58,10
43,59,6
43,60,0
43,61,9
43,62,3
43,63,6
43,64,8
43,65,9
43,66,2
43,67,6
43,68,9
43,69,1
43,70,6
43,71,0
43,72,3
43,73,0
43,74,9
43,75,8
43,76,5
43,77,0
43,78,3
43,79,5
43,80,9
43,81,8
43,82,1
43,83,6
43,84,9
43,85,6
43,86,1
43,87,1
43,88,5
43,89,9
43,90,4
43,91,2
43,92,6
43,93,8
43,94,10
43,95,6
43,96,7
43,97,10
43,98,9
43,99,4
44,45,3
44,46,8
44,47,5
44,48,7
44,49,8
44,50,10
44,51,1
44,52,4
44,53,0
44,54,7
44,55,8
44,56,10
44,57,2
44,58,1
44,59,3
44,60,1
44,61,10
44,62,4
44,63,0
44,64,3
44,65,3
44,66,9
44,67,0
44,68,5
44,69,0
44,70,8
44,71,1
44,72,10
44,73,1
44,74,3
44,75,7
44,76,7
44,77,4
44,78,3
44,79,6
44,80,5
44,81,3
44,82,6
44,83,8
44,84,4
44,85,1
44,86,9
44,87,10
44,88,2
44,89,10
44,90,5
44,91,6
44,92,5
44,93,6
44,94,8
44,95,1
44,96,10
44,97,0
44,98,10
44,99,7
45,46,9
45,47,2
45,48,2
45,49,2
45,50,4
45,51,2
45,52,1
45,53,3
45,54,8
45,55,4
45,56,4
45,57,10
45,58,3
45,59,7
45,60,5
45,61,4
45,62,2
45,63,2
45,64,4
45,65,8
45,66,4
45,67,9
45,68,4
45,69,1
45,70,6
45,71,7
45,72,9
45,73,3
45,74,9
45,75,8
45,76,6
45,77,9
45,78,8
45,79,6
45,80,0
45,81,5
45,82,0
45,83,6
45,84,5
45,85,9
45,86,3
45,87,0
45,88,10
45,89,1
45,90,0
45,91,7
45,92,9
45,93,4
45,94,6
45,95,9
45,96,6
45,97,2
45,98,9
45,99,8
46,47,5
46,48,8
46,49,2
46,50,10
46,51,3
46,52,3
46,53,10
46,54,9
46,55,4
46,56,8
46,57,4
46,58,2
46,59,6
46,60,7
46,61,0
46,62,10
46,63,0
46,64,0
46,65,5
46,66,4
46,67,8
46,68,1
46,69,10
46,70,5
46,71,9
46,72,6
46,73,7
46,74,8
46,75,4
46,76,2
46,77,7
46,78,6
46,79,6
46,80,2
46,81,0
46,82,3
46,83,2
46,84,2
46,85,5
46,86,3
46,87,3
46,88,6
46,89,5
46,90,0
46,91,9
46,92,10
46,93,8
46,94,3
46,95,2
46,96,3
46,97,10
46,98,9
46,99,6
47,48,4
47,49,10
47,50,3
47,51,6
47,52,10
47,53,10
47,54,4
47,55,4
47,56,1
47,57,7
47,58,2
47,59,0
47,60,9
47,61,1
47,62,3
47,63,4
47,64,9
47,65,5
47,66,10
47,67,2
47,68,2
47,69,8
47,70,7
47,71,8
47,72,5
47,73,6
47,74,3
47,75,2
47,76,5
47,77,10
47,78,3
47,79,1
47,80,1
47,81,4
47,82,3
47,83,3
47,84,8
47,85,0
47,86,5
47,87,2
47,88,4
47,89,1
47,90,9
47,91,7
47,92,7
47,93,2
47,94,2
47,95,2
47,96,9
47,97,9
47,98,1
47,99,3
48,49,3
48,50,0
48,51,8
48,52,3
48,53,3
48,54,2
48,55,10
48,56,0
48,57,3
48,58,9
48,59,3
48,60,6
48,61,2
48,62,5
48,63,10
48,64,10
48,65,1
48,66,4
48,67,9
48,68,8
48,69,4
48,70,1
48,71,0
48,72,3
48,73,6
48,74,3
48,75,2
48,76,7
48,77,10
48,78,4
48,79,9
48,80,1
48,81,7
48,82,8
48,83,6
48,84,8
48,85,9
48,86,3
48,87,9
48,88,1
48,89,9
48,90,5
48,91,7
48,92,6
48,93,7
48,94,7
48,95,1
48,96,2
48,97,9
48,98,7
48,99,1
49,50,5
49,51,5
49,52,1
49,53,9
49,54,5
49,55,6
49,56,8
49,57,2
49,58,2
49,59,5
49,60,10
49,61,9
49,62,4
49,63,8
49,64,3
49,65,1
49,66,10
49,67,1
49,68,7
49,69,2
49,70,10
49,71,9
49,72,9
49,73,10
49,74,10
49,75,2
49,76,2
49,77,4
49,78,7
49,79,10
49,80,5
49,81,0
49,82,4
49,83,2
49,84,0
49,85,7
49,86,0
49,87,7
49,88,6
49,89,7
49,90,6
49,91,2
49,92,1
49,93,7
49,94,4
49,95,4
49,96,8
49,97,3
49,98,5
49,99,4
50,51,5
50,52,8
50,53,8
50,54,5
50,55,3
50,56,6
50,57,2
50,58,6
50,59,6
50,60,3
50,61,10
50,62,9
50,63,9
50,64,1
50,65,0
50,66,7
50,67,7
50,68,1
50,69,0
50,70,0
50,71,9
50,72,4
50,73,0
50,74,9
50,75,9
50,76,0
50,77,9
50,78,0
50,79,0
50,80,10
50,81,0
50,82,8
50,83,8
50,84,3
50,85,3
50,86,1
50,87,0
50,88,0
50,89,9
50,90,3
50,91,4
50,92,1
50,93,0
50,94,5
50,95,3
50,96,4
50,97,3
50,98,10
50,99,6
51,52,1
51,53,10
51,54,6
51,55,5
51,56,7
51,57,3
51,58,8
51,59,7
51,60,6
51,61,9
51,62,6
51,63,8
51,64,8
51,65,1
51,66,3
51,67,0
51,68,9
51,69,4
51,70,2
51,71,6
51,72,10
51,73,0
51,74,1
51,75,1
51,76,7
51,77,4
51,78,3
51,79,4
51,80,6
51,81,5
51,82,4
51,83,9
51,84,3
51,85,10
51,86,4
51,87,6
51,88,4
51,89,1
51,90,9
51,91,8
51,92,2
51,93,5
51,94,7
51,95,6
51,96,8
51,97,10
51,98,0
51,99,0
52,53,0
52,54,6
52,55,2
52,56,6
52,57,9
52,58,3
52,59,0
52,60,4
52,61,6
52,62,8
52,63,7
52,64,8
52,65,9
52,66,3
52,67,0
52,68,4
52,69,1
52,70,10
52,71,10
52,72,9
52,73,8
52,74,8
52,75,6
52,76,10
52,77,1
52,78,4
52,79,0
52,80,7
52,81,5
52,82,4
52,83,9
52,84,3
52,85,9
52,86,4
52,87,5
52,88,2
52,89,4
52,90,6
52,91,10
52,92,4
52,93,2
52,94,0
52,95,10
52,96,1
52,97,0
52,98,10
52,99,6
53,54,3
53,55,8
53,56,0
53,57,7
53,58,10
53,59,3
53,60,6
53,61,7
53,62,4
53,63,4
53,64,9
53,65,10
53,66,1
53,67,6
53,68,5
53,69,4
53,70,5
53,71,6
53,72,9
53,73,2
53,74,9
53,75,8
53,76,5
53,77,8
53,78,5
53,79,7
53,80,6
53,81,3
53,82,0
53,83,2
53,84,10
53,85,3
53,86,1
53,87,3
53,88,3
53,89,8
53,90,6
53,91,3
53,92,10
53,93,1
53,94,1
53,95,10
53,96,2
53,97,5
53,98,5
53,99,9
54,55,0
54,56,7
54,57,4
54,58,8
54,59,5
54,60,8
54,61,7
54,62,9
54,63,5
54,64,4
54,65,6
54,66,0
54,67,4
54,68,2
54,69,2
54,70,3
54,71,5
54,72,1
54,73,2
54,74,9
54,75,1
54,76,1
54,77,7
54,78,9
54,79,6
54,80,3
54,81,7
54,82,10
54,83,4
54,84,3
54,85,9
54,86,2
54,87,2
54,88,5
54,89,3
54,90,3
54,91,5
54,92,8
54,93,3
54,94,1
54,95,3
54,96,6
54,97,0
54,98,2
54,99,10
55,56,3
55,57,8
55,58,4
55,59,1
55,60,7
55,61,10
55,62,8
55,63,9
55,64,7
55,65,2
55,66,10
55,67,2
55,68,0
55,69,9
55,70,3
55,71,3
55,72,10
55,73,2
55,74,0
55,75,4
55,76,6
55,77,7
55,78,5
55,79,1
55,80,8
55,81,5
55,82,10
55,83,1
55,84,7
55,85,4
55,86,10
55,87,7
55,88,6
55,89,8
55,90,7
55,91,8
55,92,6
55,93,2
55,94,9
55,95,1
55,96,4
55,97,0
55,98,6
55,99,1
56,57,4
56,58,5
56,59,5
56,60,2
56,61,3
56,62,9
56,63,1
56,64,4
56,65,0
56,66,9
56,67,7
56,68,5
56,69,9
56,70,9
56,71,0
56,72,3
56,73,7
56,74,4
56,75,9
56,76,10
56,77,9
56,78,6
56,79,6
56,80,9
56,81,2
56,82,0
56,83,1
56,84,10
56,85,10
56,86,5
56,87,2
56,88,6
56,89,7
56,90,1
56,91,4
56,92,3
56,93,5
56,94,0
56,95,3
56,96,7
56,97,5
56,98,10
56,99,0
57,58,5
57,59,7
57,60,0
57,61,3
57,62,1
57,63,8
57,64,5
57,65,9
57,66,3
57,67,10
57,68,8
57,69,2
57,70,9
57,71,0
57,72,8
57,73,6
57,74,5
57,75,2
57,76,5
57,77,2
57,78,7
57,79,6
57,80,9
57,81,10
57,82,10
57,83,0
57,84,2
57,85,9
57,86,2
57,87,1
57,88,0
57,89,6
57,90,3
57,91,2
57,92,3
57,93,1
57,94,3
57,95,5
57,96,8
57,97,10
57,98,5
57,99,2
58,59,2
58,60,7
58,61,8
58,62,2
58,63,10
58,64,5
58,65,1
58,66,8
58,67,7
58,68,7
58,69,6
58,70,7
58,71,3
58,72,7
58,73,7
58,74,8
58,75,1
58,76,9
58,77,0
58,78,4
58,79,0
58,80,6
58,81,1
58,82,4
58,83,6
58,84,10
58,85,8
58,86,1
58,87,9
58,88,2
58,89,1
58,90,5
58,91,2
58,92,0
58,93,4
58,94,2
58,95,3
58,96,7
58,97,0
58,98,4
58,99,0
59,60,3
59,61,10
59,62,6
59,63,2
59,64,7
59,65,0
59,66,10
59,67,1
59,68,9
59,69,4
59,70,5
59,71,8
59,72,9
59,73,9
59,74,0
59,75,0
59,76,5
59,77,3
59,78,6
59,79,6
59,80,0
59,81,0
59,82,0
59,83,3
59,84,6
59,85,4
59,86,2
59,87,0
59,88,9
59,89,2
59,90,7
59,91,10
59,92,10
59,93,3
59,94,4
59,95,1
59,96,0
59,97,10
59,98,7
59,99,7
60,61,2
60,62,7
60,63,8
60,64,4
60,65,10
60,66,2
60,67,4
60,68,0
60,69,8
60,70,8
60,71,5
60,72,6
60,73,1
60,74,7
60,75,9
60,76,7
60,77,5
60,78,4
60,79,10
60,80,10
60,81,2
60,82,5
60,83,2
60,84,10
60,85,2
60,86,7
60,87,2
60,88,7
60,89,9
60,90,5
60,91,6
60,92,8
60,93,3
60,94,1
60,95,1
60,96,9
60,97,1
60,98,9
60,99,9
61,62,4
61,63,10
61,64,3
61,65,1
61,66,10
61,67,4
61,68,2
61,69,5
61,70,7
61,71,4
61,72,4
61,73,4
61,74,7
61,75,3
61,76,10
61,77,2
61,78,2
61,79,8
61,80,1
61,81,6
61,82,1
61,83,4
61,84,5
61,85,5
61,86,4
61,87,10
61,88,2
61,89,1
61,90,3
61,91,8
61,92,1
61,93,5
61,94,9
61,95,2
61,96,5
61,97,8
61,98,6
61,99,2
62,63,6
62,64,2
62,65,6
62,66,5
62,67,3
62,68,3
62,69,7
62,70,4
62,71,9
62,72,7
62,73,3
62,74,3
62,75,5
62,76,4
62,77,3
62,78,4
62,79,7
62,80,0
62,81,10
62,82,6
62,83,8
62,84,7
62,85,4
62,86,0
62,87,5
62,88,3
62,89,5
62,90,10
62,91,5
62,92,6
62,93,8
62,94,1
62,95,6
62,96,6
62,97,7
62,98,5
62,99,6
63,64,9
63,65,8
63,66,5
63,67,4
63,68,5
63,69,6
63,70,9
63,71,1
63,72,7
63,73,2
63,74,10
63,75,3
63,76,0
63,77,10
63,78,1
63,79,7
63,80,6
63,81,4
63,82,5
63,83,7
63,84,5
63,85,5
63,86,7
63,87,1
63,88,9
63,89,6
63,90,6
63,91,6
63,92,3
63,93,9
63,94,1
63,95,4
63,96,8
63,97,6
63,98,6
63,99,2
64,65,9
64,66,1
64,67,5
64,68,4
64,69,7
64,70,6
64,71,6
64,72,5
64,73,7
64,74,3
64,75,8
64,76,2
64,77,0
64,78,4
64,79,10
64,80,10
64,81,6
64,82,0
64,83,3
64,84,6
64,85,5
64,86,4
64,87,2
64,88,4
64,89,3
64,90,3
64,91,0
64,92,5
64,93,6
64,94,10
64,95,6
64,96,10
64,97,1
64,98,3
64,99,10
65,66,3
65,67,8
65,68,3
65,69,1
65,70,1
65,71,7
65,72,2
65,73,2
65,74,9
65,75,8
65,76,7
65,77,7
65,78,3
65,79,8
65,80,1
65,81,6
65,82,9
65,83,3
65,84,2
65,85,0
65,86,10
65,87,4
65,88,4
65,89,5
65,90,1
65,91,2
65,92,10
65,93,5
65,94,9
65,95,4
65,96,4
65,97,8
65,98,10
65,99,1
66,67,9
66,68,2
66,69,9
66,70,1
66,71,6
66,72,3
66,73,10
66,74,1
66,75,1
66,76,0
66,77,5
66,78,9
66,79,9
66,80,1
66,81,6
66,82,6
66,83,2
66,84,0
66,85,7
66,86,10
66,87,10
66,88,2
66,89,5
66,90,3
66,91,6
66,92,5
66,93,2
66,94,0
66,95,7
66,96,8
66,97,8
66,98,1
66,99,6
67,68,0
67,69,10
67,70,6
67,71,3
67,72,4
67,73,1
67,74,1
67,75,9
67,76,2
67,77,0
67,78,5
67,79,5
67,80,1
67,81,6
67,82,9
67,83,6
67,84,10
67,85,10
67,86,9
67,87,3
67,88,4
67,89,10
67,90,10
67,91,6
67,92,3
67,93,5
67,94,5
67,95,9
67,96,2
67,97,0
67,98,8
67,99,7
68,69,3
68,70,6
68,71,2
68,72,6
68,73,9
68,74,9
68,75,6
68,76,5
68,77,0
68,78,8
68,79,7
68,80,8
68,81,2
68,82,3
68,83,0
68,84,5
68,85,1
68,86,0
68,87,3
68,88,2
68,89,10
68,90,3
68,91,10
68,92,4
68,93,10
68,94,2
68,95,2
68,96,10
68,97,9
68,98,6
68,99,5
69,70,8
69,71,2
69,72,4
69,73,2
69,74,2
69,75,6
69,76,3
69,77,6
69,78,7
69,79,2
69,80,9
69,81,10
69,82,1
69,83,10
69,84,5
69,85,8
69,86,10
69,87,0
69,88,4
69,89,8
69,90,1
69,91,6
69,92,1
69,93,10
69,94,4
69,95,4
69,96,2
69,97,1
69,98,3
69,99,4
70,71,10
70,72,4
70,73,7
70,74,8
70,75,4
70,76,5
70,77,1
70,78,10
70,79,1
70,80,9
70,81,0
70,82,3
70,83,9
70,84,3
70,85,1
70,86,1
70,87,6
70,88,1
70,89,2
70,90,2
70,91,3
70,92,9
70,93,6
70,94,6
70,95,8
70,96,2
70,97,9
70,98,9
70,99,10
71,72,5
71,73,0
71,74,6
71,75,4
71,76,9
71,77,4
71,78,1
71,79,3
71,80,3
71,81,6
71,82,10
71,83,1
71,84,9
71,85,0
71,86,5
71,87,8
71,88,3
71,89,9
71,90,1
71,91,5
71,92,2
71,93,7
71,94,0
71,95,0
71,96,7
71,97,8
71,98,4
71,99,2
72,73,5
72,74,7
72,75,5
72,76,10
72,77,7
72,78,0
72,79,1
72,80,10
72,81,9
72,82,6
72,83,8
72,84,0
72,85,10
72,86,1
72,87,1
72,88,5
72,89,8
72,90,2
72,91,2
72,92,5
72,93,7
72,94,9
72,95,6
72,96,1
72,97,6
72,98,2
72,99,8
73,74,10
73,75,2
73,76,5
73,77,8
73,78,7
73,79,3
73,80,3
73,81,8
73,82,7
73,83,3
73,84,1
73,85,5
73,86,3
73,87,10
73,88,1
73,89,6
73,90,9
73,91,5
73,92,8
73,93,8
73,94,10
73,95,7
73,96,5
73,97,0
73,98,10
73,99,2
74,75,10
74,76,4
74,77,3
74,78,7
74,79,7
74,80,1
74,81,2
74,82,8
74,83,9
74,84,10
74,85,0
74,86,5
74,87,10
74,88,7
74,89,10
74,90,6
74,91,6
74,92,7
74,93,3
74,94,8
74,95,3
74,96,10
74,97,7
74,98,6
74,99,0
75,76,6
75,77,5
75,78,6
75,79,2
75,80,6
75,81,0
75,82,4
75,83,4
75,84,7
75,85,10
75,86,3
75,87,8
75,88,6
75,89,8
75,90,1
75,91,3
75,92,1
75,93,7
75,94,5
75,95,7
75,96,10
75,97,3
75,98,2
75,99,3
76,77,4
76,78,0
76,79,10
76,80,7
76,81,10
76,82,10
76,83,1
76,84,4
76,85,10
76,86,6
76,87,1
76,88,9
76,89,8
76,90,7
76,91,5
76,92,3
76,93,4
76,94,4
76,95,9
76,96,8
76,97,4
76,98,9
76,99,3
77,78,7
77,79,7
77,80,5
77,81,4
77,82,3
77,83,5
77,84,8
77,85,1
77,86,7
77,87,0
77,88,4
77,89,3
77,90,5
77,91,4
77,92,4
77,93,7
77,94,0
77,95,9
77,96,3
77,97,9
77,98,8
77,99,10
78,79,7
78,80,5
78,81,9
78,82,1
78,83,5
78,84,9
78,85,4
78,86,5
78,87,9
78,88,10
78,89,8
78,90,3
78,91,4
78,92,2
78,93,8
78,94,6
78,95,1
78,96,4
78,97,5
78,98,7
78,99,10
79,80,0
79,81,3
79,82,8
79,83,1
79,84,8
79,85,7
79,86,2
79,87,10
79,88,5
79,89,10
79,90,8
79,91,3
79,92,2
79,93,4
79,94,7
79,95,9
79,96,1
79,97,5
79,98,7
79,99,10
80,81,10
80,82,9
80,83,5
80,84,6
80,85,5
80,86,2
80,87,2
80,88,2
80,89,5
80,90,9
80,91,0
80,92,10
80,93,10
80,94,4
80,95,7
80,96,8
80,97,9
80,98,6
80,99,7
81,82,4
81,83,9
81,84,9
81,85,6
81,86,0
81,87,4
81,88,0
81,89,5
81,90,9
81,91,6
81,92,8
81,93,7
81,94,0
81,95,6
81,96,8
81,97,8
81,98,6
81,99,1
82,83,9
82,84,6
82,85,1
82,86,4
82,87,2
82,88,4
82,89,9
82,90,3
82,91,6
82,92,9
82,93,7
82,94,2
82,95,8
82,96,5
82,97,7
82,98,2
82,99,3
83,84,10
83,85,4
83,86,5
83,87,6
83,88,6
83,89,6
83,90,5
83,91,10
83,92,6
83,93,5
83,94,3
83,95,9
83,96,8
83,97,10
83,98,2
83,99,9
84,85,8
84,86,3
84,87,8
84,88,2
84,89,1
84,90,5
84,91,4
84,92,0
84,93,0
84,94,9
84,95,4
84,96,0
84,97,5
84,98,3
84,99,10
85,86,8
85,87,9
85,88,7
85,89,9
85,90,0
85,91,6
85,92,5
85,93,9
85,94,7
85,95,9
85,96,10
85,97,1
85,98,0
85,99,6
86,87,6
86,88,8
86,89,5
86,90,0
86,91,3
86,92,3
86,93,10
86,94,0
86,95,1
86,96,4
86,97,6
86,98,0
86,99,3
87,88,1
87,89,5
87,90,5
87,91,4
87,92,5
87,93,6
87,94,1
87,95,4
87,96,1
87,97,6
87,98,0
87,99,0
88,89,7
88,90,8
88,91,6
88,92,2
88,93,6
88,94,8
88,95,8
88,96,1
88,97,6
88,98,5
88,99,7
89,90,2
89,91,8
89,92,0
89,93,0
89,94,3
89,95,8
89,96,8
89,97,2
89,98,10
89,99,9
90,91,3
90,92,8
90,93,0
90,94,2
90,95,9
90,96,3
90,97,6
90,98,10
90,99,1
91,92,10
91,93,0
91,94,9
91,95,9
91,96,2
91,97,6
91,98,2
91,99,4
92,93,7
92,94,1
92,95,10
92,96,7
92,97,10
92,98,4
92,99,10
93,94,3
93,95,6
93,96,0
93,97,6
93,98,8
93,99,10
94,95,0
94,96,0
94,97,3
94,98,0
94,99,1
95,96,10
95,97,5
95,98,5
95,99,0
96,97,6
96,98,7
96,99,5
97,98,8
97,99,9
98,99,5
