100
0 1 1
1 2 5
2 3 5
3 4 0
4 5 4
5 6 8
6 7 3
7 8 4
8 9 2
9 10 5
10 11 7
11 12 4
12 13 7
13 14 3
14 15 5
15 16 6
16 17 7
17 18 1
18 19 2
19 20 0
20 21 2
21 22 1
22 23 3
23 24 10
24 25 4
25 26 8
26 27 7
27 28 4
28 29 4
29 30 5
30 31 8
31 32 6
32 33 3
33 34 4
34 35 0
35 36 6
36 37 2
37 38 3
38 39 1
39 40 6
40 41 3
41 42 8
42 43 5
43 44 6
44 45 7
45 46 6
46 47 5
47 48 5
48 49 9
49 50 4
50 51 1
51 52 6
52 53 2
53 54 9
54 55 2
55 56 8
56 57 4
57 58 4
58 59 6
59 60 3
60 61 1
61 62 0
62 63 8
63 64 10
64 65 9
65 66 8
66 67 1
67 68 9
68 69 0
69 70 10
70 71 0
71 72 0
72 73 6
73 74 10
74 75 0
75 76 6
76 77 0
77 78 1
78 79 0
79 80 3
80 81 7
81 82 2
82 83 1
83 84 3
84 85 6
85 86 5
86 87 10
87 88 8
88 89 6
89 90 7
90 91 5
91 92 0
92 93 4
93 94 3
94 95 7
95 96 4
96 97 10
97 98 9
98 99 9
