100
0 1 8
0 2 8
0 3 3
0 4 6
0 5 10
0 6 5
0 7 2
0 8 8
0 9 3
0 10 8
0 11 9
0 12 10
0 13 0
0 14 3
0 15 3
0 16 6
0 17 8
0 18 10
0 19 4
0 20 8
0 21 0
0 22 5
0 23 5
0 24 2
0 25 1
0 26 3
0 27 2
0 28 7
0 29 6
0 30 9
0 31 4
0 32 3
0 33 9
0 34 7
0 35 5
0 36 3
0 37 9
0 38 4
0 39 4
0 40 10
0 41 9
0 42 1
0 43 0
0 44 4
0 45 8
0 46 8
0 47 9
0 48 6
0 49 4
0 50 10
0 51 6
0 52 10
0 53 2
0 54 0
0 55 6
0 56 7
0 57 10
0 58 7
0 59 9
0 60 9
0 61 6
0 62 10
0 63 4
0 64 3
0 65 9
0 66 2
0 67 5
0 68 6
0 69 1
0 70 6
0 71 0
0 72 10
0 73 3
0 74 7
0 75 2
0 76 6
0 77 9
0 78 3
0 79 7
0 80 8
0 81 3
0 82 7
0 83 10
0 84 9
0 85 6
0 86 7
0 87 9
0 88 8
0 89 8
0 90 10
0 91 7
0 92 2
0 93 1
0 94 10
0 95 9
0 96 7
0 97 4
0 98 0
0 99 1
1 2 9
1 3 6
1 4 9
1 5 2
1 6 2
1 7 1
1 8 4
1 9 7
1 10 1
1 11 1
1 12 5
1 13 2
1 14 1
1 15 0
1 16 9
1 17 6
1 18 5
1 19 5
1 20 4
1 21 2
1 22 8
1 23 10
1 24 3
1 25 1
1 26 5
1 27 1
1 28 4
1 29 5
1 30 1
1 31 0
1 32 10
1 33 6
1 34 8
1 35 1
1 36 8
1 37 2
1 38 7
1 39 3
1 40 10
1 41 7
1 42 2
1 43 3
1 44 1
1 45 6
1 46 2
1 47 2
1 48 6
1 49 5
1 50 7
1 51 1
1 52 6
1 53 10
1 54 5
1 55 2
1 56 0
1 57 3
1 58 5
1 59 8
1 60 2
1 61 4
1 62 10
1 63 8
1 64 5
1 65 9
1 66 2
1 67 6
1 68 8
1 69 0
1 70 4
1 71 8
1 72 1
1 73 5
1 74 3
1 75 7
1 76 8
1 77 8
1 78 5
1 79 10
1 80 8
1 81 6
1 82 6
1 83 1
1 84 10
1 85 6
1 86 9
1 87 2
1 88 0
1 89 1
1 90 9
1 91 5
1 92 7
1 93 9
1 94 3
1 95 2
1 96 7
1 97 10
1 98 4
1 99 0
2 3 10
2 4 3
2 5 10
2 6 1
2 7 0
2 8 2
2 9 2
2 10 0
2 11 6
2 12 3
2 13 6
2 14 0
2 15 9
2 16 7
2 17 0
2 18 0
2 19 2
2 20 2
2 21 8
2 22 6
2 23 10
2 24 2
2 25 3
2 26 5
2 27 10
2 28 2
2 29 1
2 30 2
2 31 0
2 32 6
2 33 2
2 34 9
2 35 1
2 36 5
2 37 5
2 38 1
2 39 5
2 40 10
2 41 2
2 42 6
2 43 1
2 44 5
2 45 4
2 46 8
2 47 7
2 48 8
2 49 10
2 50 9
2 51 5
2 52 9
2 53 4
2 54 7
2 55 1
2 56 8
2 57 6
2 58 10
2 59 0
2 60 3
2 61 6
2 62 1
2 63 9
2 64 1
2 65 7
2 66 0
2 67 8
2 68 4
2 69 6
2 70 4
2 71 10
2 72 1
2 73 7
2 74 1
2 75 5
2 76 2
2 77 7
2 78 0
2 79 7
2 80 0
2 81 4
2 82 8
2 83 0
2 84 7
2 85 10
2 86 3
2 87 9
2 88 3
2 89 2
2 90 1
2 91 1
2 92 2
2 93 5
2 94 3
2 95 10
2 96 8
2 97 7
2 98 9
2 99 4
3 4 0
3 5 6
3 6 0
3 7 2
3 8 5
3 9 10
3 10 2
3 11 8
3 12 10
3 13 0
3 14 6
3 15 4
3 16 6
3 17 5
3 18 2
3 19 7
3 20 4
3 21 3
3 22 2
3 23 3
3 24 7
3 25 0
3 26 4
3 27 4
3 28 6
3 29 0
3 30 5
3 31 6
3 32 1
3 33 9
3 34 5
3 35 3
3 36 3
3 37 7
3 38 4
3 39 4
3 40 2
3 41 3
3 42 7
3 43 9
3 44 7
3 45 0
3 46 7
3 47 4
3 48 6
3 49 4
3 50 7
3 51 1
3 52 6
3 53 2
3 54 2
3 55 2
3 56 1
3 57 6
3 58 1
3 59 9
3 60 10
3 61 6
3 62 3
3 63 9
3 64 4
3 65 3
3 66 8
3 67 2
3 68 4
3 69 1
3 70 10
3 71 4
3 72 5
3 73 5
3 74 6
3 75 9
3 76 2
3 77 0
3 78 4
3 79 9
3 80 1
3 81 2
3 82 5
3 83 6
3 84 2
3 85 5
3 86 2
3 87 8
3 88 1
3 89 5
3 90 0
3 91 3
3 92 10
3 93 10
3 94 2
3 95 4
3 96 2
3 97 1
3 98 1
3 99 1
4 5 1
4 6 8
4 7 10
4 8 10
4 9 0
4 10 6
4 11 9
4 12 8
4 13 0
4 14 4
4 15 5
4 16 5
4 17 3
4 18 2
4 19 4
4 20 0
4 21 2
4 22 5
4 23 0
4 24 2
4 25 10
4 26 0
4 27 1
4 28 7
4 29 10
4 30 10
4 31 8
4 32 9
4 33 4
4 34 6
4 35 2
4 36 9
4 37 3
4 38 5
4 39 1
4 40 0
4 41 5
4 42 9
4 43 0
4 44 8
4 45 2
4 46 3
4 47 5
4 48 8
4 49 10
4 50 2
4 51 8
4 52 5
4 53 5
4 54 2
4 55 8
4 56 7
4 57 10
4 58 1
4 59 7
4 60 4
4 61 5
4 62 3
4 63 3
4 64 0
4 65 2
4 66 3
4 67 6
4 68 9
4 69 8
4 70 1
4 71 8
4 72 4
4 73 5
4 74 4
4 75 6
4 76 9
4 77 4
4 78 6
4 79 2
4 80 0
4 81 7
4 82 0
4 83 10
4 84 10
4 85 7
4 86 4
4 87 8
4 88 10
4 89 10
4 90 2
4 91 0
4 92 9
4 93 7
4 94 0
4 95 1
4 96 4
4 97 8
4 98 4
4 99 5
5 6 1
5 7 6
5 8 4
5 9 9
5 10 10
5 11 4
5 12 7
5 13 8
5 14 8
5 15 7
5 16 6
5 17 3
5 18 3
5 19 10
5 20 3
5 21 7
5 22 10
5 23 2
5 24 10
5 25 9
5 26 1
5 27 8
5 28 8
5 29 2
5 30 2
5 31 7
5 32 3
5 33 9
5 34 4
5 35 7
5 36 0
5 37 0
5 38 4
5 39 6
5 40 4
5 41 0
5 42 4
5 43 10
5 44 4
5 45 3
5 46 1
5 47 8
5 48 1
5 49 10
5 50 7
5 51 8
5 52 5
5 53 9
5 54 8
5 55 7
5 56 7
5 57 8
5 58 10
5 59 9
5 60 8
5 61 3
5 62 8
5 63 9
5 64 3
5 65 5
5 66 2
5 67 4
5 68 6
5 69 9
5 70 0
5 71 2
5 72 6
5 73 5
5 74 10
5 75 4
5 76 2
5 77 7
5 78 5
5 79 4
5 80 0
5 81 9
5 82 9
5 83 7
5 84 1
5 85 9
5 86 4
5 87 1
5 88 5
5 89 5
5 90 3
5 91 8
5 92 1
5 93 6
5 94 4
5 95 2
5 96 9
5 97 5
5 98 6
5 99 2
6 7 4
6 8 8
6 9 10
6 10 3
6 11 8
6 12 6
6 13 0
6 14 8
6 15 5
6 16 0
6 17 10
6 18 3
6 19 1
6 20 7
6 21 8
6 22 6
6 23 2
6 24 4
6 25 9
6 26 9
6 27 1
6 28 2
6 29 6
6 30 6
6 31 8
6 32 4
6 33 4
6 34 8
6 35 9
6 36 5
6 37 4
6 38 4
6 39 4
6 40 1
6 41 10
6 42 9
6 43 9
6 44 5
6 45 2
6 46 1
6 47 8
6 48 0
6 49 10
6 50 3
6 51 1
6 52 6
6 53 9
6 54 2
6 55 10
6 56 1
6 57 4
6 58 7
6 59 3
6 60 5
6 61 10
6 62 0
6 63 2
6 64 1
6 65 9
6 66 0
6 67 7
6 68 8
6 69 1
6 70 5
6 71 4
6 72 3
6 73 9
6 74 2
6 75 4
6 76 2
6 77 9
6 78 8
6 79 1
6 80 2
6 81 0
6 82 10
6 83 3
6 84 3
6 85 5
6 86 4
6 87 2
6 88 5
6 89 8
6 90 10
6 91 9
6 92 0
6 93 5
6 94 7
6 95 7
6 96 4
6 97 0
6 98 0
6 99 2
7 8 8
7 9 7
7 10 4
7 11 3
7 12 5
7 13 7
7 14 3
7 15 4
7 16 1
7 17 6
7 18 9
7 19 10
7 20 6
7 21 2
7 22 6
7 23 8
7 24 7
7 25 7
7 26 10
7 27 2
7 28 0
7 29 4
7 30 6
7 31 10
7 32 7
7 33 7
7 34 6
7 35 6
7 36 10
7 37 10
7 38 2
7 39 7
7 40 5
7 41 9
7 42 0
7 43 4
7 44 9
7 45 3
7 46 0
7 47 10
7 48 5
7 49 8
7 50 7
7 51 10
7 52 9
7 53 9
7 54 2
7 55 8
7 56 6
7 57 4
7 58 10
7 59 7
7 60 8
7 61 7
7 62 5
7 63 6
7 64 4
7 65 4
7 66 5
7 67 10
7 68 5
7 69 1
7 70 10
7 71 7
7 72 4
7 73 7
7 74 8
7 75 2
7 76 7
7 77 8
7 78 2
7 79 10
7 80 5
7 81 4
7 82 5
7 83 0
7 84 1
7 85 9
7 86 6
7 87 4
7 88 2
7 89 9
7 90 6
7 91 6
7 92 9
7 93 3
7 94 9
7 95 9
7 96 1
7 97 9
7 98 2
7 99 6
8 9 10
8 10 9
8 11 7
8 12 0
8 13 9
8 14 10
8 15 3
8 16 4
8 17 3
8 18 6
8 19 8
8 20 3
8 21 8
8 22 0
8 23 1
8 24 7
8 25 10
8 26 0
8 27 4
8 28 10
8 29 2
8 30 8
8 31 0
8 32 10
8 33 6
8 34 0
8 35 1
8 36 5
8 37 5
8 38 2
8 39 2
8 40 5
8 41 2
8 42 5
8 43 1
8 44 8
8 45 6
8 46 4
8 47 3
8 48 10
8 49 2
8 50 2
8 51 0
8 52 10
8 53 8
8 54 0
8 55 8
8 56 7
8 57 2
8 58 10
8 59 4
8 60 7
8 61 2
8 62 8
8 63 9
8 64 8
8 65 6
8 66 2
8 67 4
8 68 6
8 69 8
8 70 5
8 71 10
8 72 2
8 73 8
8 74 6
8 75 5
8 76 3
8 77 5
8 78 1
8 79 2
8 80 6
8 81 7
8 82 8
8 83 5
8 84 4
8 85 0
8 86 3
8 87 9
8 88 3
8 89 8
8 90 2
8 91 3
8 92 7
8 93 1
8 94 6
8 95 6
8 96 9
8 97 9
8 98 7
8 99 4
9 10 5
9 11 1
9 12 7
9 13 1
9 14 6
9 15 1
9 16 4
9 17 7
9 18 2
9 19 0
9 20 7
9 21 0
9 22 8
9 23 1
9 24 6
9 25 3
9 26 6
9 27 9
9 28 5
9 29 1
9 30 5
9 31 1
9 32 5
9 33 10
9 34 6
9 35 1
9 36 8
9 37 0
9 38 5
9 39 4
9 40 6
9 41 5
9 42 3
9 43 0
9 44 3
9 45 7
9 46 10
9 47 2
9 48 2
9 49 1
9 50 0
9 51 3
9 52 9
9 53 1
9 54 10
9 55 6
9 56 7
9 57 7
9 58 8
9 59 10
9 60 1
9 61 0
9 62 2
9 63 3
9 64 0
9 65 3
9 66 2
9 67 8
9 68 6
9 69 2
9 70 6
9 71 3
9 72 2
9 73 10
9 74 5
9 75 5
9 76 3
9 77 7
9 78 3
9 79 5
9 80 9
9 81 9
9 82 7
9 83 3
9 84 9
9 85 10
9 86 0
9 87 3
9 88 2
9 89 6
9 90 10
9 91 0
9 92 3
9 93 7
9 94 9
9 95 5
9 96 7
9 97 7
9 98 10
9 99 2
10 11 5
10 12 7
10 13 9
10 14 4
10 15 3
10 16 2
10 17 9
10 18 6
10 19 5
10 20 1
10 21 9
10 22 3
10 23 7
10 24 3
10 25 6
10 26 6
10 27 3
10 28 0
10 29 0
10 30 9
10 31 0
10 32 2
10 33 7
10 34 5
10 35 9
10 36 6
10 37 8
10 38 3
10 39 2
10 40 2
10 41 0
10 42 6
10 43 10
10 44 3
10 45 0
10 46 3
10 47 2
10 48 5
10 49 7
10 50 2
10 51 2
10 52 1
10 53 4
10 54 10
10 55 10
10 56 2
10 57 1
10 58 3
10 59 9
10 60 4
10 61 6
10 62 2
10 63 8
10 64 3
10 65 1
10 66 10
10 67 3
10 68 4
10 69 0
10 70 4
10 71 5
10 72 7
10 73 7
10 74 10
10 75 0
10 76 6
10 77 4
10 78 4
10 79 3
10 80 3
10 81 3
10 82 10
10 83 1
10 84 2
10 85 2
10 86 3
10 87 6
10 88 1
10 89 6
10 90 0
10 91 4
10 92 9
10 93 9
10 94 10
10 95 8
10 96 9
10 97 4
10 98 9
10 99 9
11 12 0
11 13 5
11 14 5
11 15 0
11 16 0
11 17 3
11 18 1
11 19 1
11 20 7
11 21 6
11 22 0
11 23 9
11 24 9
11 25 7
11 26 1
11 27 1
11 28 0
11 29 7
11 30 7
11 31 4
11 32 4
11 33 0
11 34 8
11 35 4
11 36 5
11 37 7
11 38 10
11 39 1
11 40 9
11 41 10
11 42 0
11 43 1
11 44 3
11 45 5
11 46 2
11 47 10
11 48 3
11 49 2
11 50 9
11 51 1
11 52 6
11 53 8
11 54 5
11 55 8
11 56 1
11 57 6
11 58 8
11 59 1
11 60 2
11 61 4
11 62 6
11 63 7
11 64 6
11 65 4
11 66 6
11 67 3
11 68 7
11 69 5
11 70 7
11 71 8
11 72 9
11 73 10
11 74 10
11 75 9
11 76 3
11 77 7
11 78 3
11 79 3
11 80 7
11 81 3
11 82 8
11 83 3
11 84 6
11 85 6
11 86 1
11 87 10
11 88 0
11 89 3
11 90 7
11 91 0
11 92 2
11 93 3
11 94 4
11 95 4
11 96 0
11 97 10
11 98 7
11 99 0
12 13 4
12 14 4
12 15 2
12 16 7
12 17 10
12 18 7
12 19 2
12 20 7
12 21 5
12 22 8
12 23 1
12 24 0
12 25 10
12 26 5
12 27 1
12 28 2
12 29 9
12 30 2
12 31 9
12 32 5
12 33 6
12 34 1
12 35 1
12 36 3
12 37 10
12 38 4
12 39 0
12 40 3
12 41 1
12 42 5
12 43 4
12 44 7
12 45 5
12 46 3
12 47 6
12 48 5
12 49 6
12 50 6
12 51 3
12 52 5
12 53 9
12 54 1
12 55 4
12 56 3
12 57 6
12 58 3
12 59 7
12 60 5
12 61 10
12 62 9
12 63 3
12 64 10
12 65 7
12 66 7
12 67 10
12 68 6
12 69 7
12 70 8
12 71 1
12 72 10
12 73 10
12 74 0
12 75 1
12 76 2
12 77 10
12 78 8
12 79 1
12 80 10
12 81 4
12 82 10
12 83 4
12 84 1
12 85 4
12 86 10
12 87 1
12 88 4
12 89 9
12 90 9
12 91 2
12 92 0
12 93 10
12 94 6
12 95 0
12 96 0
12 97 1
12 98 4
12 99 3
13 14 0
13 15 5
13 16 7
13 17 7
13 18 6
13 19 5
13 20 2
13 21 5
13 22 2
13 23 10
13 24 9
13 25 2
13 26 3
13 27 10
13 28 6
13 29 7
13 30 3
13 31 7
13 32 3
13 33 8
13 34 6
13 35 6
13 36 3
13 37 1
13 38 0
13 39 0
13 40 8
13 41 8
13 42 9
13 43 5
13 44 4
13 45 6
13 46 8
13 47 0
13 48 9
13 49 10
13 50 4
13 51 10
13 52 9
13 53 2
13 54 7
13 55 8
13 56 4
13 57 5
13 58 2
13 59 5
13 60 4
13 61 5
13 62 7
13 63 5
13 64 6
13 65 4
13 66 6
13 67 0
13 68 0
13 69 1
13 70 6
13 71 9
13 72 9
13 73 3
13 74 8
13 75 0
13 76 9
13 77 1
13 78 9
13 79 9
13 80 10
13 81 2
13 82 5
13 83 3
13 84 3
13 85 10
13 86 1
13 87 6
13 88 9
13 89 3
13 90 5
13 91 0
13 92 0
13 93 8
13 94 9
13 95 4
13 96 5
13 97 8
13 98 0
13 99 8
14 15 0
14 16 3
14 17 10
14 18 2
14 19 10
14 20 2
14 21 0
14 22 9
14 23 6
14 24 1
14 25 3
14 26 0
14 27 3
14 28 8
14 29 4
14 30 2
14 31 8
14 32 2
14 33 5
14 34 8
14 35 8
14 36 5
14 37 10
14 38 1
14 39 3
14 40 2
14 41 3
14 42 0
14 43 6
14 44 4
14 45 5
14 46 10
14 47 2
14 48 8
14 49 5
14 50 6
14 51 5
14 52 4
14 53 6
14 54 4
14 55 2
14 56 8
14 57 2
14 58 8
14 59 9
14 60 3
14 61 3
14 62 9
14 63 3
14 64 2
14 65 8
14 66 8
14 67 10
14 68 5
14 69 3
14 70 8
14 71 1
14 72 3
14 73 8
14 74 9
14 75 1
14 76 5
14 77 3
14 78 1
14 79 9
14 80 4
14 81 7
14 82 8
14 83 10
14 84 7
14 85 6
14 86 10
14 87 8
14 88 9
14 89 0
14 90 0
14 91 2
14 92 8
14 93 8
14 94 7
14 95 7
14 96 6
14 97 1
14 98 9
14 99 10
15 16 10
15 17 8
15 18 1
15 19 3
15 20 7
15 21 6
15 22 5
15 23 2
15 24 2
15 25 3
15 26 7
15 27 9
15 28 6
15 29 2
15 30 5
15 31 7
15 32 0
15 33 6
15 34 0
15 35 2
15 36 9
15 37 9
15 38 6
15 39 3
15 40 10
15 41 8
15 42 6
15 43 2
15 44 10
15 45 10
15 46 8
15 47 7
15 48 8
15 49 5
15 50 7
15 51 1
15 52 2
15 53 6
15 54 4
15 55 0
15 56 6
15 57 4
15 58 10
15 59 0
15 60 3
15 61 3
15 62 4
15 63 1
15 64 5
15 65 4
15 66 9
15 67 1
15 68 9
15 69 5
15 70 8
15 71 1
15 72 2
15 73 1
15 74 2
15 75 2
15 76 1
15 77 10
15 78 1
15 79 3
15 80 5
15 81 6
15 82 2
15 83 6
15 84 6
15 85 2
15 86 10
15 87 6
15 88 8
15 89 0
15 90 5
15 91 9
15 92 0
15 93 0
15 94 7
15 95 1
15 96 7
15 97 5
15 98 0
15 99 4
16 17 5
16 18 1
16 19 4
16 20 1
16 21 3
16 22 7
16 23 2
16 24 7
16 25 4
16 26 4
16 27 1
16 28 5
16 29 9
16 30 2
16 31 9
16 32 4
16 33 1
16 34 1
16 35 4
16 36 0
16 37 5
16 38 2
16 39 3
16 40 8
16 41 0
16 42 9
16 43 10
16 44 6
16 45 9
16 46 6
16 47 5
16 48 9
16 49 0
16 50 5
16 51 0
16 52 10
16 53 5
16 54 8
16 55 1
16 56 5
16 57 8
16 58 3
16 59 8
16 60 5
16 61 0
16 62 5
16 63 7
16 64 1
16 65 6
16 66 2
16 67 8
16 68 7
16 69 8
16 70 6
16 71 5
16 72 5
16 73 2
16 74 2
16 75 2
16 76 4
16 77 9
16 78 4
16 79 0
16 80 9
16 81 0
16 82 10
16 83 10
16 84 7
16 85 6
16 86 6
16 87 9
16 88 3
16 89 4
16 90 2
16 91 1
16 92 6
16 93 0
16 94 5
16 95 0
16 96 6
16 97 3
16 98 2
16 99 4
17 18 7
17 19 6
17 20 9
17 21 2
17 22 8
17 23 2
17 24 7
17 25 7
17 26 3
17 27 2
17 28 2
17 29 2
17 30 8
17 31 8
17 32 5
17 33 10
17 34 9
17 35 1
17 36 4
17 37 0
17 38 9
17 39 4
17 40 10
17 41 1
17 42 0
17 43 8
17 44 4
17 45 0
17 46 5
17 47 2
17 48 2
17 49 0
17 50 2
17 51 9
17 52 6
17 53 8
17 54 3
17 55 10
17 56 1
17 57 5
17 58 8
17 59 7
17 60 5
17 61 9
17 62 5
17 63 5
17 64 3
17 65 0
17 66 5
17 67 6
17 68 6
17 69 3
17 70 0
17 71 5
17 72 1
17 73 3
17 74 5
17 75 2
17 76 8
17 77 9
17 78 1
17 79 10
17 80 7
17 81 4
17 82 9
17 83 1
17 84 1
17 85 3
17 86 7
17 87 9
17 88 5
17 89 0
17 90 1
17 91 9
17 92 9
17 93 0
17 94 3
17 95 3
17 96 9
17 97 10
17 98 3
17 99 10
18 19 1
18 20 4
18 21 4
18 22 7
18 23 7
18 24 0
18 25 9
18 26 10
18 27 5
18 28 6
18 29 1
18 30 10
18 31 1
18 32 0
18 33 9
18 34 0
18 35 4
18 36 4
18 37 5
18 38 1
18 39 1
18 40 1
18 41 9
18 42 9
18 43 0
18 44 5
18 45 7
18 46 0
18 47 10
18 48 4
18 49 10
18 50 6
18 51 4
18 52 8
18 53 6
18 54 10
18 55 4
18 56 9
18 57 4
18 58 4
18 59 3
18 60 6
18 61 4
18 62 5
18 63 0
18 64 5
18 65 8
18 66 3
18 67 9
18 68 0
18 69 5
18 70 1
18 71 1
18 72 3
18 73 8
18 74 10
18 75 2
18 76 1
18 77 2
18 78 7
18 79 9
18 80 5
18 81 4
18 82 2
18 83 0
18 84 2
18 85 5
18 86 0
18 87 2
18 88 4
18 89 8
18 90 7
18 91 10
18 92 9
18 93 7
18 94 9
18 95 3
18 96 3
18 97 10
18 98 9
18 99 3
19 20 8
19 21 7
19 22 4
19 23 10
19 24 6
19 25 1
19 26 0
19 27 0
19 28 9
19 29 9
19 30 6
19 31 4
19 32 9
19 33 3
19 34 8
19 35 5
19 36 1
19 37 5
19 38 5
19 39 6
19 40 0
19 41 9
19 42 5
19 43 3
19 44 6
19 45 2
19 46 7
19 47 9
19 48 4
19 49 8
19 50 10
19 51 6
19 52 2
19 53 6
19 54 7
19 55 4
19 56 4
19 57 6
19 58 5
19 59 0
19 60 1
19 61 0
19 62 2
19 63 7
19 64 4
19 65 5
19 66 3
19 67 7
19 68 0
19 69 5
19 70 4
19 71 8
19 72 9
19 73 2
19 74 10
19 75 2
19 76 2
19 77 1
19 78 0
19 79 9
19 80 0
19 81 10
19 82 7
19 83 0
19 84 9
19 85 0
19 86 7
19 87 6
19 88 5
19 89 3
19 90 5
19 91 3
19 92 7
19 93 0
19 94 5
19 95 10
19 96 6
19 97 9
19 98 9
19 99 3
20 21 2
20 22 4
20 23 5
20 24 5
20 25 5
20 26 5
20 27 2
20 28 6
20 29 4
20 30 6
20 31 2
20 32 8
20 33 2
20 34 2
20 35 3
20 36 5
20 37 8
20 38 1
20 39 5
20 40 3
20 41 8
20 42 10
20 43 6
20 44 6
20 45 10
20 46 7
20 47 1
20 48 10
20 49 4
20 50 0
20 51 10
20 52 5
20 53 7
20 54 2
20 55 6
20 56 4
20 57 1
20 58 4
20 59 4
20 60 4
20 61 9
20 62 8
20 63 2
20 64 2
20 65 8
20 66 7
20 67 4
20 68 0
20 69 10
20 70 9
20 71 4
20 72 2
20 73 9
20 74 0
20 75 3
20 76 5
20 77 8
20 78 6
20 79 2
20 80 8
20 81 5
20 82 8
20 83 9
20 84 5
20 85 10
20 86 2
20 87 4
20 88 1
20 89 7
20 90 4
20 91 2
20 92 8
20 93 7
20 94 8
20 95 7
20 96 5
20 97 0
20 98 3
20 99 5
21 22 8
21 23 8
21 24 10
21 25 4
21 26 3
21 27 8
21 28 4
21 29 7
21 30 1
21 31 3
21 32 2
21 33 4
21 34 6
21 35 8
21 36 3
21 37 8
21 38 10
21 39 4
21 40 6
21 41 5
21 42 6
21 43 9
21 44 9
21 45 10
21 46 5
21 47 1
21 48 9
21 49 6
21 50 1
21 51 4
21 52 5
21 53 6
21 54 5
21 55 1
21 56 9
21 57 8
21 58 2
21 59 5
21 60 9
21 61 6
21 62 7
21 63 6
21 64 9
21 65 0
21 66 0
21 67 7
21 68 10
21 69 2
21 70 1
21 71 7
21 72 5
21 73 7
21 74 6
21 75 9
21 76 9
21 77 5
21 78 9
21 79 4
21 80 4
21 81 2
21 82 1
21 83 2
21 84 1
21 85 5
21 86 0
21 87 2
21 88 10
21 89 8
21 90 9
21 91 4
21 92 6
21 93 1
21 94 1
21 95 0
21 96 0
21 97 7
21 98 0
21 99 9
22 23 2
22 24 1
22 25 0
22 26 5
22 27 5
22 28 4
22 29 8
22 30 3
22 31 8
22 32 3
22 33 5
22 34 1
22 35 10
22 36 6
22 37 3
22 38 3
22 39 1
22 40 6
22 41 9
22 42 0
22 43 4
22 44 1
22 45 3
22 46 8
22 47 8
22 48 1
22 49 4
22 50 8
22 51 1
22 52 3
22 53 1
22 54 1
22 55 2
22 56 5
22 57 6
22 58 10
22 59 1
22 60 6
22 61 6
22 62 5
22 63 2
22 64 7
22 65 6
22 66 4
22 67 1
22 68 3
22 69 9
22 70 4
22 71 5
22 72 6
22 73 6
22 74 8
22 75 8
22 76 5
22 77 5
22 78 4
22 79 3
22 80 4
22 81 10
22 82 7
22 83 0
22 84 5
22 85 7
22 86 0
22 87 10
22 88 1
22 89 9
22 90 5
22 91 3
22 92 10
22 93 7
22 94 2
22 95 7
22 96 1
22 97 4
22 98 8
22 99 1
23 24 4
23 25 10
23 26 1
23 27 1
23 28 6
23 29 3
23 30 6
23 31 10
23 32 5
23 33 6
23 34 2
23 35 10
23 36 1
23 37 1
23 38 3
23 39 8
23 40 0
23 41 7
23 42 1
23 43 6
23 44 2
23 45 8
23 46 0
23 47 1
23 48 3
23 49 5
23 50 7
23 51 0
23 52 1
23 53 1
23 54 6
23 55 9
23 56 10
23 57 4
23 58 1
23 59 9
23 60 0
23 61 9
23 62 9
23 63 4
23 64 7
23 65 9
23 66 10
23 67 2
23 68 5
23 69 9
23 70 10
23 71 9
23 72 3
23 73 0
23 74 1
23 75 2
23 76 8
23 77 3
23 78 6
23 79 10
23 80 4
23 81 4
23 82 8
23 83 7
23 84 7
23 85 3
23 86 5
23 87 8
23 88 9
23 89 3
23 90 0
23 91 6
23 92 3
23 93 7
23 94 0
23 95 6
23 96 8
23 97 4
23 98 4
23 99 6
24 25 5
24 26 7
24 27 4
24 28 6
24 29 10
24 30 8
24 31 9
24 32 8
24 33 9
24 34 4
24 35 4
24 36 7
24 37 7
24 38 6
24 39 5
24 40 4
24 41 1
24 42 4
24 43 9
24 44 3
24 45 3
24 46 6
24 47 10
24 48 6
24 49 1
24 50 2
24 51 9
24 52 9
24 53 9
24 54 3
24 55 1
24 56 0
24 57 9
24 58 1
24 59 10
24 60 9
24 61 0
24 62 0
24 63 3
24 64 9
24 65 10
24 66 7
24 67 5
24 68 7
24 69 9
24 70 9
24 71 3
24 72 0
24 73 2
24 74 10
24 75 6
24 76 2
24 77 2
24 78 8
24 79 0
24 80 3
24 81 4
24 82 3
24 83 4
24 84 2
24 85 7
24 86 7
24 87 7
24 88 5
24 89 9
24 90 9
24 91 1
24 92 2
24 93 9
24 94 10
24 95 7
24 96 7
24 97 0
24 98 1
24 99 7
25 26 6
25 27 3
25 28 6
25 29 0
25 30 1
25 31 9
25 32 6
25 33 3
25 34 7
25 35 4
25 36 0
25 37 0
25 38 6
25 39 10
25 40 7
25 41 10
25 42 4
25 43 6
25 44 2
25 45 0
25 46 2
25 47 4
25 48 8
25 49 1
25 50 5
25 51 10
25 52 5
25 53 2
25 54 2
25 55 7
25 56 5
25 57 9
25 58 9
25 59 7
25 60 4
25 61 6
25 62 5
25 63 10
25 64 10
25 65 8
25 66 9
25 67 1
25 68 7
25 69 8
25 70 5
25 71 5
25 72 10
25 73 2
25 74 5
25 75 5
25 76 3
25 77 0
25 78 9
25 79 3
25 80 4
25 81 8
25 82 8
25 83 0
25 84 9
25 85 5
25 86 6
25 87 10
25 88 10
25 89 2
25 90 2
25 91 8
25 92 8
25 93 1
25 94 5
25 95 6
25 96 5
25 97 8
25 98 4
25 99 10
26 27 7
26 28 4
26 29 0
26 30 10
26 31 8
26 32 8
26 33 3
26 34 5
26 35 0
26 36 4
26 37 10
26 38 1
26 39 8
26 40 0
26 41 7
26 42 10
26 43 3
26 44 6
26 45 5
26 46 4
26 47 8
26 48 3
26 49 9
26 50 2
26 51 8
26 52 9
26 53 9
26 54 5
26 55 7
26 56 9
26 57 8
26 58 2
26 59 1
26 60 4
26 61 6
26 62 10
26 63 3
26 64 8
26 65 4
26 66 6
26 67 1
26 68 6
26 69 9
26 70 3
26 71 9
26 72 6
26 73 7
26 74 4
26 75 3
26 76 8
26 77 4
26 78 5
26 79 10
26 80 5
26 81 8
26 82 3
26 83 3
26 84 3
26 85 8
26 86 3
26 87 8
26 88 7
26 89 7
26 90 3
26 91 8
26 92 8
26 93 6
26 94 2
26 95 8
26 96 1
26 97 10
26 98 0
26 99 2
27 28 6
27 29 10
27 30 0
27 31 4
27 32 8
27 33 5
27 34 1
27 35 1
27 36 4
27 37 2
27 38 1
27 39 2
27 40 1
27 41 0
27 42 8
27 43 6
27 44 5
27 45 7
27 46 1
27 47 0
27 48 8
27 49 6
27 50 0
27 51 3
27 52 7
27 53 9
27 54 7
27 55 1
27 56 5
27 57 2
27 58 0
27 59 9
27 60 8
27 61 9
27 62 2
27 63 2
27 64 0
27 65 10
27 66 9
27 67 6
27 68 6
27 69 6
27 70 5
27 71 10
27 72 1
27 73 3
27 74 4
27 75 1
27 76 2
27 77 8
27 78 9
27 79 3
27 80 2
27 81 6
27 82 5
27 83 9
27 84 9
27 85 0
27 86 8
27 87 5
27 88 7
27 89 8
27 90 10
27 91 1
27 92 3
27 93 8
27 94 5
27 95 1
27 96 3
27 97 6
27 98 6
27 99 2
28 29 10
28 30 6
28 31 0
28 32 8
28 33 0
28 34 10
28 35 7
28 36 4
28 37 10
28 38 0
28 39 1
28 40 9
28 41 9
28 42 4
28 43 0
28 44 3
28 45 10
28 46 2
28 47 9
28 48 0
28 49 1
28 50 10
28 51 6
28 52 10
28 53 3
28 54 3
28 55 9
28 56 6
28 57 4
28 58 2
28 59 8
28 60 4
28 61 8
28 62 3
28 63 3
28 64 6
28 65 8
28 66 4
28 67 9
28 68 4
28 69 1
28 70 9
28 71 1
28 72 2
28 73 9
28 74 8
28 75 4
28 76 3
28 77 5
28 78 9
28 79 0
28 80 0
28 81 4
28 82 8
28 83 3
28 84 6
28 85 9
28 86 6
28 87 8
28 88 4
28 89 0
28 90 0
28 91 0
28 92 10
28 93 9
28 94 5
28 95 9
28 96 6
28 97 8
28 98 3
28 99 4
29 30 0
29 31 3
29 32 2
29 33 1
29 34 7
29 35 4
29 36 2
29 37 8
29 38 0
29 39 7
29 40 1
29 41 1
29 42 1
29 43 2
29 44 8
29 45 8
29 46 10
29 47 0
29 48 10
29 49 8
29 50 3
29 51 6
29 52 2
29 53 7
29 54 3
29 55 1
29 56 0
29 57 8
29 58 5
29 59 10
29 60 7
29 61 7
29 62 6
29 63 9
29 64 4
29 65 9
29 66 5
29 67 7
29 68 10
29 69 8
29 70 7
29 71 4
29 72 5
29 73 6
29 74 1
29 75 4
29 76 8
29 77 4
29 78 5
29 79 7
29 80 1
29 81 3
29 82 7
29 83 9
29 84 2
29 85 0
29 86 6
29 87 2
29 88 10
29 89 3
29 90 6
29 91 2
29 92 9
29 93 10
29 94 9
29 95 9
29 96 6
29 97 4
29 98 5
29 99 4
30 31 1
30 32 7
30 33 4
30 34 9
30 35 7
30 36 4
30 37 2
30 38 6
30 39 7
30 40 6
30 41 9
30 42 1
30 43 10
30 44 3
30 45 8
30 46 10
30 47 2
30 48 5
30 49 0
30 50 3
30 51 4
30 52 5
30 53 8
30 54 10
30 55 6
30 56 10
30 57 0
30 58 1
30 59 6
30 60 7
30 61 1
30 62 1
30 63 8
30 64 2
30 65 2
30 66 2
30 67 8
30 68 1
30 69 0
30 70 1
30 71 10
30 72 0
30 73 0
30 74 1
30 75 4
30 76 2
30 77 8
30 78 8
30 79 1
30 80 5
30 81 0
30 82 3
30 83 10
30 84 7
30 85 7
30 86 4
30 87 8
30 88 4
30 89 3
30 90 3
30 91 8
30 92 5
30 93 6
30 94 6
30 95 9
30 96 5
30 97 9
30 98 4
30 99 10
31 32 9
31 33 0
31 34 4
31 35 9
31 36 2
31 37 7
31 38 8
31 39 0
31 40 3
31 41 6
31 42 3
31 43 4
31 44 10
31 45 6
31 46 0
31 47 8
31 48 3
31 49 5
31 50 7
31 51 4
31 52 9
31 53 10
31 54 0
31 55 9
31 56 2
31 57 6
31 58 9
31 59 2
31 60 4
31 61 6
31 62 7
31 63 10
31 64 0
31 65 7
31 66 10
31 67 10
31 68 2
31 69 2
31 70 5
31 71 10
31 72 9
31 73 10
31 74 9
31 75 1
31 76 5
31 77 7
31 78 1
31 79 4
31 80 0
31 81 8
31 82 7
31 83 4
31 84 3
31 85 10
31 86 6
31 87 6
31 88 5
31 89 4
31 90 4
31 91 4
31 92 5
31 93 3
31 94 8
31 95 4
31 96 10
31 97 1
31 98 4
31 99 2
32 33 4
32 34 2
32 35 4
32 36 5
32 37 4
32 38 4
32 39 2
32 40 10
32 41 1
32 42 8
32 43 9
32 44 0
32 45 2
32 46 1
32 47 5
32 48 9
32 49 1
32 50 2
32 51 8
32 52 10
32 53 4
32 54 2
32 55 2
32 56 4
32 57 7
32 58 1
32 59 9
32 60 8
32 61 7
32 62 7
32 63 4
32 64 9
32 65 3
32 66 0
32 67 4
32 68 8
32 69 0
32 70 7
32 71 7
32 72 6
32 73 6
32 74 5
32 75 4
32 76 3
32 77 6
32 78 9
32 79 7
32 80 1
32 81 6
32 82 1
32 83 2
32 84 6
32 85 8
32 86 5
32 87 6
32 88 8
32 89 1
32 90 5
32 91 7
32 92 9
32 93 0
32 94 0
32 95 1
32 96 2
32 97 3
32 98 5
32 99 3
33 34 3
33 35 6
33 36 1
33 37 10
33 38 1
33 39 2
33 40 9
33 41 10
33 42 4
33 43 4
33 44 7
33 45 10
33 46 7
33 47 6
33 48 1
33 49 1
33 50 9
33 51 6
33 52 3
33 53 0
33 54 10
33 55 9
33 56 0
33 57 0
33 58 2
33 59 7
33 60 1
33 61 4
33 62 7
33 63 7
33 64 4
33 65 7
33 66 8
33 67 0
33 68 8
33 69 0
33 70 6
33 71 10
33 72 2
33 73 0
33 74 7
33 75 1
33 76 9
33 77 5
33 78 5
33 79 6
33 80 2
33 81 0
33 82 8
33 83 9
33 84 3
33 85 1
33 86 8
33 87 7
33 88 7
33 89 4
33 90 7
33 91 7
33 92 6
33 93 5
33 94 0
33 95 2
33 96 0
33 97 7
33 98 6
33 99 6
34 35 0
34 36 9
34 37 2
34 38 2
34 39 4
34 40 8
34 41 9
34 42 1
34 43 1
34 44 0
34 45 3
34 46 6
34 47 0
34 48 4
34 49 8
34 50 9
34 51 7
34 52 7
34 53 2
34 54 3
34 55 3
34 56 10
34 57 6
34 58 5
34 59 6
34 60 10
34 61 1
34 62 1
34 63 7
34 64 3
34 65 5
34 66 4
34 67 3
34 68 6
34 69 2
34 70 7
34 71 10
34 72 9
34 73 1
34 74 1
34 75 9
34 76 4
34 77 1
34 78 5
34 79 3
34 80 0
34 81 0
34 82 6
34 83 9
34 84 9
34 85 3
34 86 10
34 87 0
34 88 3
34 89 7
34 90 0
34 91 2
34 92 5
34 93 8
34 94 3
34 95 1
34 96 8
34 97 1
34 98 3
34 99 1
35 36 3
35 37 0
35 38 1
35 39 9
35 40 5
35 41 0
35 42 10
35 43 1
35 44 7
35 45 6
35 46 7
35 47 3
35 48 0
35 49 0
35 50 3
35 51 8
35 52 1
35 53 10
35 54 4
35 55 10
35 56 10
35 57 10
35 58 1
35 59 6
35 60 4
35 61 1
35 62 5
35 63 10
35 64 4
35 65 0
35 66 1
35 67 0
35 68 8
35 69 6
35 70 7
35 71 7
35 72 9
35 73 10
35 74 4
35 75 9
35 76 6
35 77 6
35 78 9
35 79 6
35 80 0
35 81 4
35 82 4
35 83 4
35 84 2
35 85 8
35 86 5
35 87 0
35 88 4
35 89 1
35 90 6
35 91 1
35 92 7
35 93 5
35 94 8
35 95 2
35 96 5
35 97 0
35 98 10
35 99 3
36 37 2
36 38 6
36 39 8
36 40 5
36 41 10
36 42 9
36 43 3
36 44 1
36 45 10
36 46 3
36 47 6
36 48 3
36 49 9
36 50 5
36 51 5
36 52 3
36 53 7
36 54 8
36 55 7
36 56 4
36 57 10
36 58 0
36 59 9
36 60 7
36 61 7
36 62 2
36 63 5
36 64 5
36 65 0
36 66 9
36 67 7
36 68 1
36 69 1
36 70 2
36 71 9
36 72 6
36 73 0
36 74 8
36 75 4
36 76 3
36 77 10
36 78 7
36 79 5
36 80 5
36 81 4
36 82 2
36 83 2
36 84 0
36 85 10
36 86 5
36 87 1
36 88 6
36 89 5
36 90 6
36 91 9
36 92 6
36 93 10
36 94 6
36 95 6
36 96 3
36 97 0
36 98 6
36 99 4
37 38 3
37 39 6
37 40 7
37 41 9
37 42 3
37 43 8
37 44 3
37 45 3
37 46 7
37 47 0
37 48 5
37 49 9
37 50 0
37 51 5
37 52 9
37 53 3
37 54 10
37 55 8
37 56 0
37 57 0
37 58 5
37 59 4
37 60 5
37 61 8
37 62 1
37 63 3
37 64 9
37 65 1
37 66 6
37 67 3
37 68 8
37 69 3
37 70 3
37 71 6
37 72 0
37 73 6
37 74 9
37 75 5
37 76 5
37 77 9
37 78 3
37 79 7
37 80 7
37 81 0
37 82 1
37 83 4
37 84 3
37 85 1
37 86 7
37 87 2
37 88 9
37 89 1
37 90 10
37 91 5
37 92 5
37 93 0
37 94 2
37 95 6
37 96 5
37 97 5
37 98 8
37 99 7
38 39 4
38 40 2
38 41 7
38 42 4
38 43 1
38 44 9
38 45 5
38 46 9
38 47 7
38 48 8
38 49 0
38 50 9
38 51 4
38 52 5
38 53 8
38 54 2
38 55 3
38 56 4
38 57 9
38 58 4
38 59 0
38 60 2
38 61 8
38 62 3
38 63 6
38 64 4
38 65 1
38 66 7
38 67 10
38 68 3
38 69 3
38 70 6
38 71 6
38 72 8
38 73 2
38 74 1
38 75 9
38 76 6
38 77 3
38 78 3
38 79 2
38 80 9
38 81 1
38 82 2
38 83 1
38 84 10
38 85 10
38 86 10
38 87 7
38 88 8
38 89 7
38 90 1
38 91 10
38 92 3
38 93 8
38 94 7
38 95 9
38 96 4
38 97 4
38 98 0
38 99 10
39 40 10
39 41 3
39 42 5
39 43 10
39 44 9
39 45 9
39 46 6
39 47 1
39 48 8
39 49 8
39 50 1
39 51 9
39 52 5
39 53 10
39 54 4
39 55 3
39 56 7
39 57 9
39 58 6
39 59 4
39 60 8
39 61 4
39 62 7
39 63 3
39 64 3
39 65 7
39 66 3
39 67 10
39 68 10
39 69 4
39 70 7
39 71 1
39 72 5
39 73 8
39 74 6
39 75 6
39 76 9
39 77 5
39 78 6
39 79 0
39 80 5
39 81 0
39 82 0
39 83 10
39 84 6
39 85 9
39 86 0
39 87 9
39 88 10
39 89 2
39 90 1
39 91 6
39 92 2
39 93 7
39 94 0
39 95 1
39 96 2
39 97 9
39 98 9
39 99 0
40 41 4
40 42 7
40 43 9
40 44 0
40 45 6
40 46 7
40 47 8
40 48 6
40 49 7
40 50 2
40 51 9
40 52 6
40 53 1
40 54 4
40 55 9
40 56 6
40 57 6
40 58 4
40 59 1
40 60 3
40 61 1
40 62 7
40 63 4
40 64 3
40 65 3
40 66 5
40 67 2
40 68 7
40 69 4
40 70 5
40 71 5
40 72 1
40 73 6
40 74 6
40 75 1
40 76 0
40 77 5
40 78 4
40 79 0
40 80 5
40 81 9
40 82 2
40 83 10
40 84 2
40 85 9
40 86 0
40 87 5
40 88 9
40 89 3
40 90 5
40 91 10
40 92 5
40 93 9
40 94 4
40 95 0
40 96 10
40 97 1
40 98 7
40 99 6
41 42 6
41 43 10
41 44 5
41 45 7
41 46 8
41 47 9
41 48 4
41 49 3
41 50 0
41 51 0
41 52 8
41 53 0
41 54 5
41 55 6
41 56 3
41 57 9
41 58 3
41 59 6
41 60 8
41 61 10
41 62 3
41 63 5
41 64 5
41 65 10
41 66 6
41 67 6
41 68 1
41 69 1
41 70 6
41 71 10
41 72 2
41 73 6
41 74 4
41 75 8
41 76 4
41 77 7
41 78 3
41 79 3
41 80 10
41 81 7
41 82 9
41 83 10
41 84 6
41 85 3
41 86 0
41 87 7
41 88 4
41 89 1
41 90 3
41 91 8
41 92 2
41 93 10
41 94 2
41 95 7
41 96 1
41 97 2
41 98 7
41 99 3
42 43 7
42 44 8
42 45 10
42 46 2
42 47 6
42 48 2
42 49 5
42 50 10
42 51 7
42 52 8
42 53 8
42 54 6
42 55 5
42 56 1
42 57 8
42 58 7
42 59 1
42 60 9
42 61 6
42 62 2
42 63 0
42 64 9
42 65 8
42 66 8
42 67 9
42 68 10
42 69 6
42 70 10
42 71 2
42 72 10
42 73 0
42 74 4
42 75 1
42 76 0
42 77 8
42 78 1
42 79 3
42 80 8
42 81 4
42 82 3
42 83 2
42 84 9
42 85 9
42 86 7
42 87 8
42 88 4
42 89 1
42 90 9
42 91 1
42 92 6
42 93 8
42 94 6
42 95 10
42 96 3
42 97 9
42 98 0
42 99 9
43 44 4
43 45 4
43 46 5
43 47 5
43 48 6
43 49 5
43 50 5
43 51 3
43 52 6
43 53 8
43 54 0
43 55 6
43 56 8
43 57 7
43 58 1
43 59 2
43 60 9
43 61 10
43 62 2
43 63 3
43 64 2
43 65 9
43 66 3
43 67 6
43 68 4
43 69 8
43 70 7
43 71 6
43 72 9
43 73 8
43 74 9
43 75 2
43 76 9
43 77 0
43 78 9
43 79 9
43 80 5
43 81 6
43 82 9
43 83 5
43 84 10
43 85 4
43 86 5
43 87 8
43 88 4
43 89 6
43 90 3
43 91 7
43 92 5
43 93 5
43 94 3
43 95 10
43 96 2
43 97 3
43 98 2
43 99 6
44 45 10
44 46 3
44 47 4
44 48 7
44 49 0
44 50 5
44 51 5
44 52 3
44 53 9
44 54 7
44 55 5
44 56 10
44 57 8
44 58 6
44 59 4
44 60 6
44 61 9
44 62 2
44 63 8
44 64 6
44 65 7
44 66 6
44 67 7
44 68 5
44 69 4
44 70 9
44 71 0
44 72 0
44 73 2
44 74 2
44 75 7
44 76 7
44 77 3
44 78 10
44 79 10
44 80 0
44 81 9
44 82 6
44 83 10
44 84 6
44 85 9
44 86 10
44 87 5
44 88 2
44 89 1
44 90 6
44 91 5
44 92 0
44 93 5
44 94 9
44 95 0
44 96 6
44 97 4
44 98 3
44 99 3
45 46 10
45 47 7
45 48 7
45 49 2
45 50 5
45 51 10
45 52 7
45 53 10
45 54 8
45 55 8
45 56 1
45 57 4
45 58 4
45 59 8
45 60 8
45 61 8
45 62 3
45 63 2
45 64 8
45 65 4
45 66 5
45 67 10
45 68 8
45 69 1
45 70 9
45 71 7
45 72 7
45 73 1
45 74 2
45 75 1
45 76 3
45 77 9
45 78 2
45 79 4
45 80 3
45 81 0
45 82 10
45 83 6
45 84 6
45 85 4
45 86 1
45 87 0
45 88 8
45 89 3
45 90 6
45 91 10
45 92 3
45 93 9
45 94 9
45 95 9
45 96 10
45 97 7
45 98 10
45 99 5
46 47 10
46 48 1
46 49 6
46 50 7
46 51 10
46 52 8
46 53 10
46 54 8
46 55 4
46 56 2
46 57 0
46 58 4
46 59 4
46 60 7
46 61 9
46 62 6
46 63 4
46 64 4
46 65 2
46 66 5
46 67 1
46 68 3
46 69 10
46 70 4
46 71 0
46 72 4
46 73 8
46 74 5
46 75 9
46 76 4
46 77 0
46 78 0
46 79 4
46 80 3
46 81 3
46 82 3
46 83 3
46 84 1
46 85 7
46 86 9
46 87 10
46 88 8
46 89 4
46 90 5
46 91 6
46 92 9
46 93 1
46 94 10
46 95 5
46 96 0
46 97 5
46 98 9
46 99 8
47 48 9
47 49 3
47 50 9
47 51 0
47 52 6
47 53 3
47 54 8
47 55 6
47 56 5
47 57 1
47 58 3
47 59 7
47 60 10
47 61 1
47 62 5
47 63 7
47 64 8
47 65 5
47 66 2
47 67 1
47 68 4
47 69 1
47 70 2
47 71 4
47 72 6
47 73 7
47 74 10
47 75 8
47 76 5
47 77 7
47 78 9
47 79 10
47 80 4
47 81 5
47 82 9
47 83 3
47 84 3
47 85 0
47 86 5
47 87 9
47 88 7
47 89 3
47 90 4
47 91 10
47 92 4
47 93 7
47 94 2
47 95 3
47 96 5
47 97 5
47 98 0
47 99 2
48 49 7
48 50 10
48 51 9
48 52 5
48 53 9
48 54 0
48 55 10
48 56 2
48 57 3
48 58 8
48 59 5
48 60 0
48 61 0
48 62 5
48 63 9
48 64 7
48 65 4
48 66 1
48 67 9
48 68 8
48 69 1
48 70 6
48 71 5
48 72 0
48 73 7
48 74 4
48 75 1
48 76 4
48 77 1
48 78 3
48 79 6
48 80 9
48 81 7
48 82 5
48 83 7
48 84 0
48 85 10
48 86 8
48 87 6
48 88 1
48 89 2
48 90 5
48 91 1
48 92 3
48 93 9
48 94 6
48 95 3
48 96 6
48 97 1
48 98 1
48 99 8
49 50 4
49 51 0
49 52 5
49 53 9
49 54 3
49 55 6
49 56 4
49 57 1
49 58 9
49 59 6
49 60 5
49 61 9
49 62 1
49 63 6
49 64 5
49 65 10
49 66 5
49 67 9
49 68 5
49 69 9
49 70 0
49 71 9
49 72 10
49 73 8
49 74 1
49 75 5
49 76 6
49 77 7
49 78 8
49 79 0
49 80 7
49 81 2
49 82 5
49 83 3
49 84 2
49 85 4
49 86 0
49 87 7
49 88 4
49 89 6
49 90 4
49 91 2
49 92 1
49 93 2
49 94 3
49 95 8
49 96 1
49 97 7
49 98 7
49 99 8
50 51 3
50 52 7
50 53 10
50 54 2
50 55 7
50 56 4
50 57 2
50 58 8
50 59 6
50 60 8
50 61 7
50 62 4
50 63 10
50 64 4
50 65 0
50 66 10
50 67 9
50 68 10
50 69 2
50 70 4
50 71 8
50 72 8
50 73 2
50 74 2
50 75 5
50 76 9
50 77 6
50 78 5
50 79 5
50 80 7
50 81 8
50 82 4
50 83 10
50 84 10
50 85 4
50 86 7
50 87 5
50 88 5
50 89 4
50 90 10
50 91 2
50 92 4
50 93 3
50 94 8
50 95 8
50 96 9
50 97 8
50 98 10
50 99 2
51 52 2
51 53 8
51 54 10
51 55 1
51 56 6
51 57 4
51 58 3
51 59 2
51 60 8
51 61 4
51 62 2
51 63 2
51 64 2
51 65 4
51 66 1
51 67 8
51 68 6
51 69 10
51 70 5
51 71 3
51 72 8
51 73 3
51 74 6
51 75 5
51 76 4
51 77 4
51 78 2
51 79 7
51 80 5
51 81 2
51 82 0
51 83 8
51 84 2
51 85 7
51 86 4
51 87 7
51 88 4
51 89 9
51 90 4
51 91 5
51 92 5
51 93 0
51 94 8
51 95 10
51 96 6
51 97 7
51 98 2
51 99 8
52 53 3
52 54 5
52 55 5
52 56 6
52 57 0
52 58 3
52 59 9
52 60 5
52 61 3
52 62 4
52 63 3
52 64 6
52 65 10
52 66 2
52 67 6
52 68 6
52 69 6
52 70 6
52 71 5
52 72 4
52 73 7
52 74 0
52 75 7
52 76 1
52 77 5
52 78 0
52 79 5
52 80 5
52 81 2
52 82 3
52 83 1
52 84 1
52 85 1
52 86 3
52 87 8
52 88 6
52 89 3
52 90 8
52 91 3
52 92 0
52 93 1
52 94 7
52 95 10
52 96 4
52 97 7
52 98 9
52 99 1
53 54 10
53 55 6
53 56 3
53 57 7
53 58 0
53 59 7
53 60 8
53 61 3
53 62 10
53 63 3
53 64 2
53 65 8
53 66 8
53 67 0
53 68 6
53 69 5
53 70 8
53 71 6
53 72 7
53 73 2
53 74 9
53 75 3
53 76 2
53 77 0
53 78 1
53 79 10
53 80 9
53 81 8
53 82 7
53 83 7
53 84 10
53 85 8
53 86 5
53 87 1
53 88 9
53 89 1
53 90 0
53 91 2
53 92 0
53 93 4
53 94 7
53 95 0
53 96 6
53 97 4
53 98 2
53 99 6
54 55 10
54 56 4
54 57 2
54 58 3
54 59 9
54 60 0
54 61 1
54 62 9
54 63 4
54 64 6
54 65 7
54 66 10
54 67 3
54 68 9
54 69 6
54 70 1
54 71 7
54 72 9
54 73 6
54 74 0
54 75 8
54 76 4
54 77 8
54 78 4
54 79 1
54 80 8
54 81 1
54 82 3
54 83 2
54 84 10
54 85 9
54 86 1
54 87 9
54 88 2
54 89 0
54 90 1
54 91 2
54 92 8
54 93 5
54 94 3
54 95 7
54 96 2
54 97 0
54 98 8
54 99 6
55 56 10
55 57 9
55 58 6
55 59 9
55 60 0
55 61 5
55 62 0
55 63 3
55 64 6
55 65 10
55 66 3
55 67 2
55 68 3
55 69 7
55 70 5
55 71 4
55 72 2
55 73 3
55 74 6
55 75 0
55 76 7
55 77 10
55 78 3
55 79 6
55 80 4
55 81 1
55 82 4
55 83 9
55 84 9
55 85 6
55 86 9
55 87 10
55 88 2
55 89 5
55 90 3
55 91 3
55 92 7
55 93 1
55 94 5
55 95 1
55 96 9
55 97 6
55 98 3
55 99 9
56 57 2
56 58 7
56 59 9
56 60 8
56 61 0
56 62 3
56 63 8
56 64 2
56 65 8
56 66 1
56 67 4
56 68 1
56 69 4
56 70 4
56 71 1
56 72 0
56 73 1
56 74 6
56 75 8
56 76 0
56 77 7
56 78 4
56 79 4
56 80 10
56 81 9
56 82 2
56 83 1
56 84 3
56 85 1
56 86 1
56 87 6
56 88 10
56 89 5
56 90 0
56 91 8
56 92 4
56 93 2
56 94 1
56 95 8
56 96 2
56 97 3
56 98 4
56 99 1
57 58 7
57 59 4
57 60 3
57 61 3
57 62 3
57 63 4
57 64 3
57 65 6
57 66 10
57 67 8
57 68 0
57 69 0
57 70 10
57 71 8
57 72 6
57 73 8
57 74 3
57 75 2
57 76 2
57 77 4
57 78 2
57 79 3
57 80 7
57 81 5
57 82 5
57 83 6
57 84 7
57 85 7
57 86 10
57 87 3
57 88 6
57 89 2
57 90 8
57 91 10
57 92 3
57 93 9
57 94 9
57 95 7
57 96 8
57 97 2
57 98 3
57 99 3
58 59 9
58 60 0
58 61 8
58 62 4
58 63 4
58 64 1
58 65 2
58 66 10
58 67 5
58 68 4
58 69 3
58 70 10
58 71 0
58 72 9
58 73 9
58 74 8
58 75 5
58 76 3
58 77 9
58 78 6
58 79 2
58 80 0
58 81 5
58 82 10
58 83 5
58 84 9
58 85 10
58 86 7
58 87 1
58 88 10
58 89 7
58 90 7
58 91 10
58 92 9
58 93 7
58 94 10
58 95 2
58 96 3
58 97 5
58 98 6
58 99 8
59 60 0
59 61 5
59 62 7
59 63 0
59 64 4
59 65 7
59 66 4
59 67 10
59 68 7
59 69 4
59 70 8
59 71 3
59 72 6
59 73 10
59 74 3
59 75 1
59 76 3
59 77 4
59 78 3
59 79 4
59 80 2
59 81 5
59 82 1
59 83 0
59 84 5
59 85 5
59 86 3
59 87 10
59 88 1
59 89 6
59 90 4
59 91 2
59 92 4
59 93 4
59 94 9
59 95 5
59 96 4
59 97 2
59 98 1
59 99 7
60 61 2
60 62 5
60 63 3
60 64 9
60 65 5
60 66 10
60 67 5
60 68 2
60 69 0
60 70 0
60 71 7
60 72 3
60 73 1
60 74 4
60 75 4
60 76 1
60 77 4
60 78 10
60 79 4
60 80 4
60 81 1
60 82 9
60 83 3
60 84 5
60 85 7
60 86 1
60 87 3
60 88 6
60 89 3
60 90 0
60 91 0
60 92 5
60 93 9
60 94 9
60 95 5
60 96 3
60 97 7
60 98 5
60 99 6
61 62 10
61 63 9
61 64 3
61 65 2
61 66 10
61 67 7
61 68 9
61 69 0
61 70 7
61 71 9
61 72 4
61 73 2
61 74 2
61 75 3
61 76 10
61 77 2
61 78 8
61 79 9
61 80 3
61 81 0
61 82 6
61 83 3
61 84 1
61 85 10
61 86 7
61 87 7
61 88 9
61 89 3
61 90 10
61 91 8
61 92 0
61 93 2
61 94 10
61 95 10
61 96 8
61 97 1
61 98 3
61 99 8
62 63 2
62 64 8
62 65 5
62 66 4
62 67 2
62 68 7
62 69 8
62 70 10
62 71 8
62 72 8
62 73 4
62 74 9
62 75 3
62 76 8
62 77 7
62 78 7
62 79 0
62 80 10
62 81 9
62 82 3
62 83 3
62 84 2
62 85 4
62 86 2
62 87 8
62 88 4
62 89 3
62 90 8
62 91 10
62 92 10
62 93 8
62 94 1
62 95 1
62 96 9
62 97 2
62 98 2
62 99 10
63 64 9
63 65 1
63 66 1
63 67 10
63 68 10
63 69 2
63 70 0
63 71 4
63 72 4
63 73 6
63 74 4
63 75 6
63 76 2
63 77 4
63 78 4
63 79 8
63 80 7
63 81 7
63 82 8
63 83 0
63 84 2
63 85 8
63 86 4
63 87 0
63 88 5
63 89 0
63 90 2
63 91 9
63 92 6
63 93 5
63 94 9
63 95 4
63 96 10
63 97 2
63 98 6
63 99 9
64 65 9
64 66 3
64 67 6
64 68 3
64 69 4
64 70 3
64 71 9
64 72 1
64 73 6
64 74 6
64 75 5
64 76 7
64 77 9
64 78 7
64 79 2
64 80 7
64 81 0
64 82 1
64 83 4
64 84 2
64 85 1
64 86 5
64 87 5
64 88 10
64 89 6
64 90 3
64 91 0
64 92 8
64 93 1
64 94 9
64 95 5
64 96 10
64 97 5
64 98 4
64 99 6
65 66 6
65 67 3
65 68 5
65 69 6
65 70 6
65 71 8
65 72 9
65 73 0
65 74 1
65 75 2
65 76 7
65 77 1
65 78 9
65 79 4
65 80 10
65 81 5
65 82 3
65 83 0
65 84 2
65 85 4
65 86 6
65 87 2
65 88 1
65 89 3
65 90 7
65 91 1
65 92 1
65 93 3
65 94 2
65 95 1
65 96 6
65 97 10
65 98 3
65 99 2
66 67 6
66 68 4
66 69 3
66 70 6
66 71 8
66 72 8
66 73 7
66 74 9
66 75 1
66 76 8
66 77 1
66 78 9
66 79 3
66 80 6
66 81 10
66 82 5
66 83 8
66 84 2
66 85 6
66 86 2
66 87 4
66 88 0
66 89 8
66 90 3
66 91 9
66 92 10
66 93 2
66 94 10
66 95 9
66 96 5
66 97 4
66 98 2
66 99 9
67 68 9
67 69 6
67 70 8
67 71 8
67 72 8
67 73 10
67 74 1
67 75 8
67 76 10
67 77 0
67 78 6
67 79 2
67 80 5
67 81 8
67 82 1
67 83 4
67 84 7
67 85 0
67 86 0
67 87 9
67 88 9
67 89 10
67 90 6
67 91 9
67 92 5
67 93 10
67 94 6
67 95 3
67 96 3
67 97 3
67 98 2
67 99 7
68 69 3
68 70 8
68 71 10
68 72 2
68 73 9
68 74 8
68 75 4
68 76 8
68 77 2
68 78 8
68 79 6
68 80 0
68 81 9
68 82 10
68 83 2
68 84 2
68 85 3
68 86 6
68 87 5
68 88 5
68 89 10
68 90 1
68 91 6
68 92 4
68 93 4
68 94 0
68 95 10
68 96 6
68 97 8
68 98 4
68 99 9
69 70 3
69 71 8
69 72 0
69 73 4
69 74 9
69 75 10
69 76 3
69 77 7
69 78 7
69 79 0
69 80 10
69 81 8
69 82 6
69 83 5
69 84 2
69 85 5
69 86 6
69 87 2
69 88 6
69 89 4
69 90 6
69 91 0
69 92 0
69 93 2
69 94 2
69 95 7
69 96 2
69 97 1
69 98 10
69 99 7
70 71 5
70 72 6
70 73 8
70 74 7
70 75 4
70 76 7
70 77 6
70 78 7
70 79 8
70 80 8
70 81 10
70 82 0
70 83 1
70 84 3
70 85 3
70 86 4
70 87 8
70 88 1
70 89 0
70 90 3
70 91 9
70 92 9
70 93 3
70 94 1
70 95 0
70 96 9
70 97 7
70 98 2
70 99 7
71 72 9
71 73 5
71 74 0
71 75 0
71 76 0
71 77 2
71 78 10
71 79 3
71 80 1
71 81 3
71 82 3
71 83 5
71 84 0
71 85 9
71 86 6
71 87 1
71 88 1
71 89 1
71 90 2
71 91 5
71 92 7
71 93 5
71 94 0
71 95 4
71 96 4
71 97 3
71 98 6
71 99 3
72 73 2
72 74 7
72 75 10
72 76 8
72 77 9
72 78 8
72 79 6
72 80 1
72 81 10
72 82 10
72 83 3
72 84 10
72 85 1
72 86 0
72 87 10
72 88 2
72 89 7
72 90 4
72 91 6
72 92 1
72 93 5
72 94 8
72 95 3
72 96 1
72 97 6
72 98 3
72 99 10
73 74 8
73 75 0
73 76 5
73 77 7
73 78 5
73 79 2
73 80 9
73 81 2
73 82 1
73 83 10
73 84 5
73 85 10
73 86 6
73 87 8
73 88 8
73 89 8
73 90 10
73 91 8
73 92 7
73 93 4
73 94 6
73 95 8
73 96 9
73 97 4
73 98 0
73 99 7
74 75 6
74 76 10
74 77 10
74 78 1
74 79 0
74 80 1
74 81 7
74 82 8
74 83 1
74 84 3
74 85 9
74 86 5
74 87 7
74 88 6
74 89 3
74 90 6
74 91 3
74 92 9
74 93 5
74 94 3
74 95 9
74 96 5
74 97 2
74 98 0
74 99 10
75 76 9
75 77 7
75 78 9
75 79 9
75 80 4
75 81 10
75 82 10
75 83 3
75 84 4
75 85 6
75 86 8
75 87 1
75 88 1
75 89 7
75 90 6
75 91 3
75 92 5
75 93 9
75 94 7
75 95 8
75 96 0
75 97 9
75 98 7
75 99 9
76 77 0
76 78 8
76 79 2
76 80 4
76 81 0
76 82 1
76 83 7
76 84 9
76 85 4
76 86 8
76 87 1
76 88 8
76 89 7
76 90 4
76 91 0
76 92 9
76 93 1
76 94 7
76 95 6
76 96 4
76 97 5
76 98 1
76 99 4
77 78 9
77 79 5
77 80 4
77 81 4
77 82 2
77 83 3
77 84 1
77 85 0
77 86 3
77 87 5
77 88 4
77 89 4
77 90 4
77 91 6
77 92 4
77 93 3
77 94 3
77 95 1
77 96 5
77 97 3
77 98 1
77 99 0
78 79 1
78 80 5
78 81 10
78 82 8
78 83 3
78 84 4
78 85 7
78 86 4
78 87 5
78 88 5
78 89 6
78 90 8
78 91 2
78 92 1
78 93 0
78 94 3
78 95 0
78 96 9
78 97 7
78 98 9
78 99 3
79 80 5
79 81 4
79 82 4
79 83 0
79 84 0
79 85 4
79 86 2
79 87 3
79 88 5
79 89 10
79 90 3
79 91 2
79 92 9
79 93 10
79 94 1
79 95 1
79 96 4
79 97 9
79 98 8
79 99 8
80 81 9
80 82 10
80 83 10
80 84 2
80 85 3
80 86 1
80 87 5
80 88 2
80 89 8
80 90 7
80 91 3
80 92 6
80 93 9
80 94 1
80 95 8
80 96 5
80 97 5
80 98 0
80 99 9
81 82 7
81 83 10
81 84 0
81 85 4
81 86 5
81 87 6
81 88 0
81 89 2
81 90 2
81 91 3
81 92 9
81 93 1
81 94 9
81 95 10
81 96 6
81 97 4
81 98 10
81 99 1
82 83 2
82 84 10
82 85 4
82 86 5
82 87 7
82 88 2
82 89 2
82 90 7
82 91 10
82 92 0
82 93 3
82 94 0
82 95 5
82 96 4
82 97 6
82 98 6
82 99 4
83 84 6
83 85 1
83 86 4
83 87 2
83 88 1
83 89 0
83 90 2
83 91 7
83 92 5
83 93 1
83 94 10
83 95 10
83 96 5
83 97 10
83 98 2
83 99 4
84 85 6
84 86 10
84 87 8
84 88 9
84 89 9
84 90 3
84 91 7
84 92 0
84 93 6
84 94 10
84 95 7
84 96 1
84 97 8
84 98 0
84 99 3
85 86 7
85 87 2
85 88 4
85 89 1
85 90 1
85 91 8
85 92 2
85 93 7
85 94 7
85 95 10
85 96 4
85 97 0
85 98 4
85 99 8
86 87 10
86 88 7
86 89 8
86 90 4
86 91 6
86 92 2
86 93 5
86 94 3
86 95 0
86 96 3
86 97 4
86 98 4
86 99 9
87 88 4
87 89 0
87 90 10
87 91 2
87 92 2
87 93 2
87 94 0
87 95 6
87 96 1
87 97 8
87 98 5
87 99 0
88 89 1
88 90 6
88 91 2
88 92 10
88 93 3
88 94 8
88 95 9
88 96 2
88 97 2
88 98 4
88 99 2
89 90 0
89 91 1
89 92 7
89 93 9
89 94 4
89 95 10
89 96 4
89 97 5
89 98 7
89 99 5
90 91 6
90 92 8
90 93 1
90 94 3
90 95 8
90 96 4
90 97 9
90 98 3
90 99 5
91 92 8
91 93 1
91 94 8
91 95 3
91 96 0
91 97 9
91 98 7
91 99 3
92 93 7
92 94 3
92 95 1
92 96 2
92 97 6
92 98 1
92 99 1
93 94 2
93 95 7
93 96 7
93 97 7
93 98 3
93 99 4
94 95 7
94 96 10
94 97 7
94 98 4
94 99 2
95 96 9
95 97 10
95 98 4
95 99 0
96 97 7
96 98 3
96 99 5
97 98 3
97 99 0
98 99 9
